:OC1 - TEST CATCHMENT- OC COMPONENT DATA SET: NT, NCATR, KONT, BIOWAT           
      1      7      1      F
:OC2 - TIMESTEP CONTROL (currently not used)                                    
 1.0000 99999.
:OC3 - OTHER PARAMETERS. SMIN,CDRS,TDC,TFC,DET. (SMIN & DET not used)           
 100.00    0.0    0.0 99999.    0.0
 1.5000 2.0000 1.0000 0.5000 0.5000 1.0000 5.0000
:OC14 STRX                                                                      
     29 00000000000000000000
     28 03663663333363333660
     27 03663333333333633360
     26 03333233333333333630
     25 06663333333333433330
     24 03333333333633333330
     23 06663333333363333330
     22 06633336633333333330
     21 03633336633333333330
     20 03333333333333333330
     19 03333333333333366660
     18 03333333333333366660
     17 03333333333333666660
     16 03333333333363566660
     15 03333333333433566360
     14 03333333333333333330
     13 03333333333333333330
     12 03333333333333333330
     11 03333333333333773360
     10 03333333333333333660
      9 03333333333333333330
      8 03333333335633333330
      7 03337333366633336330
      6 03373333363333333330
      5 03333333333333333330
      4 06663333333333337330
      3 03333336333333333330
      2 03333333333333633330
      1 00000000000000000000
:OC17 STRY                                                                      
     29 00000000000000000000
     28 03663663333363333660
     27 03663333333333633360
     26 03333233333333333630
     25 06663333333333433330
     24 03333333333633333330
     23 06663333333363333330
     22 06633336633333333330
     21 03633336633333333330
     20 03333333333333333330
     19 03333333333333366660
     18 03333333333333366660
     17 03333333333333666660
     16 03333333333363566660
     15 03333333333433566360
     14 03333333333333333330
     13 03333333333333333330
     12 03333333333333333330
     11 03333333333333773360
     10 03333333333333333660
      9 03333333333333333330
      8 03333333335633333330
      7 03337333366633336330
      6 03373333363333333330
      5 03333333333333333330
      4 06663333333333337330
      3 03333336333333333330
      2 03333333333333633330
      1 00000000000000000000
:OC20 - HEAD AND FLUX BOUNDARY CONDITIONS: NOCHB, NOCFB, NOCPB                  
      0      0      0
:OC30 - NUMBER OF DEFAULT CHANNEL CROSS-SECTIONS                                
      0
:OC35 - CHANNEL LINK DATA (LINK NO.,BED ELEV.,DEPTH, STR. COEFF.,DEF X-S)       
      1 139.00    0.0 40.000      2
 3.0843    0.0 3.0843 1.8000
      2 135.00    0.0 40.000      2
 5.3422    0.0 5.3422 1.8000
      3 134.00    0.0 40.000      2
 6.1686    0.0 6.1686 1.8000
      4 132.50    0.0 40.000      2
 7.7620    0.0 7.7620 1.8000
      5 149.00    0.0 40.000      2
 2.5183    0.0 2.5183 1.8000
      6 131.00    0.0 40.000      2
 7.7620    0.0 7.7620 1.8000
      7 128.00    0.0 40.000      2
 8.1603    0.0 8.1603 1.8000
      8 85.000    0.0 40.000      2
 29.956    0.0 29.956 1.8000
             4 50.000 0.7000 85.100 84.000
      9 123.00    0.0 40.000      2
 9.2529    0.0 9.2529 1.8000
     10 88.000    0.0 40.000      2
 29.637    0.0 29.637 1.8000
     11 115.00    0.0 40.000      2
 9.7534    0.0 9.7534 1.8000
     12 89.000    0.0 40.000      2
 29.476    0.0 29.476 1.8000
     13 113.00    0.0 40.000      2
 10.383    0.0 10.383 1.8000
     14 90.000    0.0 40.000      2
 29.043    0.0 29.043 1.8000
     15 110.00    0.0 40.000      2
 11.121    0.0 11.121 1.8000
     16 91.000    0.0 40.000      2
 28.933    0.0 28.933 1.8000
     17 109.00    0.0 40.000      2
 12.208    0.0 12.208 1.8000
     18 103.00    0.0 40.000      2
 12.465    0.0 12.465 1.8000
     19 111.00    0.0 40.000      2
 12.208    0.0 12.208 1.8000
     20 101.00    0.0 40.000      2
 12.964    0.0 12.964 1.8000
     21 91.500    0.0 40.000      2
 28.713    0.0 28.713 1.8000
     22 122.00    0.0 40.000      2
 2.5183    0.0 2.5183 1.8000
     23 113.00    0.0 40.000      2
 4.3619    0.0 4.3619 1.8000
     24 96.000    0.0 40.000      2
 13.326    0.0 13.326 1.8000
     25 92.000    0.0 40.000      2
 27.240    0.0 27.240 1.8000
     26 93.250    0.0 40.000      2
 28.713    0.0 28.713 1.8000
     27 95.250    0.0 40.000      2
 26.711    0.0 26.711 1.8000
     28 93.000    0.0 40.000      2
 26.947    0.0 26.947 1.8000
     29 95.000    0.0 40.000      2
 8.7237    0.0 8.7237 1.8000
     30 94.500    0.0 40.000      2
 26.711    0.0 26.711 1.8000
     31 94.000    0.0 40.000      2
 26.829    0.0 26.829 1.8000
     32 103.00    0.0 40.000      2
 7.7620    0.0 7.7620 1.8000
     33 95.000    0.0 40.000      2
 23.012    0.0 23.012 1.8000
     34 109.00    0.0 40.000      2
 6.8967    0.0 6.8967 1.8000
     35 133.00    0.0 40.000      2
 2.5183    0.0 2.5183 1.8000
     36 125.00    0.0 40.000      2
 5.9060    0.0 5.9060 1.8000
     37 123.00    0.0 40.000      2
 4.3619    0.0 4.3619 1.8000
     38 109.00    0.0 40.000      2
 5.6311    0.0 5.6311 1.8000
     39 96.000    0.0 40.000      2
 22.804    0.0 22.804 1.8000
     40 132.00    0.0 40.000      2
 4.7114    0.0 4.7114 1.8000
     41 97.000    0.0 40.000      2
 22.098    0.0 22.098 1.8000
     42 101.00    0.0 40.000      2
 22.804    0.0 22.804 1.8000
     43 106.00    0.0 40.000      2
 4.7114    0.0 4.7114 1.8000
     44 135.00    0.0 40.000      2
 3.9818    0.0 3.9818 1.8000
     45 121.50    0.0 40.000      2
 15.422    0.0 15.422 1.8000
     46 107.50    0.0 40.000      2
 15.927    0.0 15.927 1.8000
     47 100.00    0.0 40.000      2
 21.145    0.0 21.145 1.8000
     48 148.00    0.0 40.000      2
 3.5614    0.0 3.5614 1.8000
     49 152.00    0.0 8.0000      2
 2.5183    0.0 2.5183 1.8000
     50 120.00    0.0 40.000      2
 15.422    0.0 15.422 1.8000
     51 114.00    0.0 40.000      2
 15.727    0.0 15.727 1.8000
     52 106.00    0.0 40.000      2
 15.927    0.0 15.927 1.8000
     53 101.00    0.0 40.000      2
 16.125    0.0 16.125 1.8000
     54 123.00    0.0 8.0000      2
 15.110    0.0 15.110 1.8000
     55 106.50    0.0 40.000      2
 13.444    0.0 13.444 1.8000
     56 166.00    0.0 40.000      2
 3.0843    0.0 3.0843 1.8000
     57 129.00    0.0 40.000      2
 14.792    0.0 14.792 1.8000
     58 113.00    0.0 40.000      2
 13.086    0.0 13.086 1.8000
     59 130.00    0.0 40.000      2
 4.7114    0.0 4.7114 1.8000
     60 121.50    0.0 40.000      2
 10.073    0.0 10.073 1.8000
     61 117.50    0.0 40.000      2
 13.086    0.0 13.086 1.8000
     62 122.00    0.0 40.000      2
 7.5550    0.0 7.5550 1.8000
     63 156.00    0.0 40.000      2
 3.0843    0.0 3.0843 1.8000
     64 178.00    0.0 40.000      2
 2.5183    0.0 2.5183 1.8000
     65 132.00    0.0 40.000      2
 14.357    0.0 14.357 1.8000
     66 126.00    0.0 40.000      2
 9.7534    0.0 9.7534 1.8000
     67 145.00    0.0 40.000      2
 6.1686    0.0 6.1686 1.8000
     68 138.50    0.0 40.000      2
 6.6629    0.0 6.6629 1.8000
     69 150.00    0.0 40.000      2
 5.6311    0.0 5.6311 1.8000
     70 143.00    0.0 40.000      2
 12.465    0.0 12.465 1.8000
     71 140.00    0.0 40.000      2
 8.1603    0.0 8.1603 1.8000
     72 166.00    0.0 40.000      2
 5.0366    0.0 5.0366 1.8000
     73 141.00    0.0 40.000      2
 3.9818    0.0 3.9818 1.8000
     74 140.50    0.0 40.000      2
 8.1603    0.0 8.1603 1.8000
     75 140.50    0.0 40.000      2
 7.5550    0.0 7.5550 1.8000
     76 141.00    0.0 40.000      2
 5.9060    0.0 5.9060 1.8000
     77 151.00    0.0 40.000      2
 5.3422    0.0 5.3422 1.8000
     78 189.00    0.0 40.000      2
 2.5183    0.0 2.5183 1.8000
     79 179.00    0.0 40.000      2
 4.3619    0.0 4.3619 1.8000
     80 153.00    0.0 40.000      2
 12.337    0.0 12.337 1.8000
     81 152.00    0.0 40.000      2
 7.9636    0.0 7.9636 1.8000
     82 232.00    0.0 40.000      2
 3.0843    0.0 3.0843 1.8000
     83 161.00    0.0 40.000      2
 12.077    0.0 12.077 1.8000
     84 172.00    0.0 8.0000      2
 7.3421    0.0 7.3421 1.8000
     85 162.00    0.0 40.000      2
 8.5401    0.0 8.5401 1.8000
     86 170.00    0.0 40.000      2
 8.1603    0.0 8.1603 1.8000
     87 196.00    0.0 8.0000      2
 6.8967    0.0 6.8967 1.8000
     88 176.00    0.0 40.000      2
 8.1603    0.0 8.1603 1.8000
     89 186.00    0.0 40.000      2
 7.5550    0.0 7.5550 1.8000
     90 182.00    0.0 40.000      2
 7.5550    0.0 7.5550 1.8000
     91 214.00    0.0 40.000      2
 6.1686    0.0 6.1686 1.8000
     92 196.00    0.0 40.000      2
 6.8967    0.0 6.8967 1.8000
     93 234.00    0.0 40.000      2
 5.3422    0.0 5.3422 1.8000
     94 209.00    0.0 40.000      2
 6.8967    0.0 6.8967 1.8000
     95 226.00    0.0 40.000      2
 6.8967    0.0 6.8967 1.8000
     96 222.00    0.0 40.000      2
 6.1686    0.0 6.1686 1.8000
     97 222.00    0.0 40.000      2
 6.1686    0.0 6.1686 1.8000
     98 243.00    0.0 40.000      2
 4.7114    0.0 4.7114 1.8000
     99 259.00    0.0 40.000      2
 4.3619    0.0 4.3619 1.8000
    100 358.00    0.0 40.000      2
 5.3422    0.0 5.3422 1.8000
    101 331.00    0.0 40.000      2
 2.5183    0.0 2.5183 1.8000
    102 371.00    0.0 8.0000      2
 2.5183    0.0 2.5183 1.8000
    103 361.00    0.0 8.0000      2
 5.3422    0.0 5.3422 1.8000
    104 364.00    0.0 40.000      2
 3.5614    0.0 3.5614 1.8000
    105 365.50    0.0 8.0000      2
 4.3619    0.0 4.3619 1.8000
    106 366.00    0.0 40.000      2
 3.0843    0.0 3.0843 1.8000
    107 373.00    0.0 8.0000      2
 2.5183    0.0 2.5183 1.8000
