discharge at the outlet - regular timestep    1.00 hours
          0.00000000
          0.05558586
          0.39935559
          0.71742320
          0.89238343
          0.96651807
          0.98431127
          0.97560527
          0.95656334
          0.93522984
          0.91607980
          0.90170891
          0.89231188
          0.88868719
          0.89038447
          0.89718058
          0.90811748
          0.92146479
          0.93509502
          0.94814116
          0.95752928
          0.96233305
          0.96156986
          0.95470780
          0.94324351
          0.92655829
          0.90341337
          0.87933460
          0.85274893
          0.82434544
          0.79478081
          0.76464999
          0.73485342
          0.70559099
          0.67690077
          0.64896555
          0.62191652
          0.59584073
          0.57079068
          0.54679369
          0.52385657
          0.50197055
          0.48111585
          0.46126416
          0.44238177
          0.42443106
          0.40737282
          0.39116630
          0.37577048
          0.36114481
          0.34724965
          0.33404648
          0.32149809
          0.30956880
          0.29822453
          0.28743323
          0.27716404
          0.26738790
          0.25807746
          0.24920675
          0.24075127
          0.23268821
          0.22499603
          0.21765450
          0.21064452
          0.20394797
          0.19754800
          0.19142894
          0.18557582
          0.17997450
          0.17461181
          0.16947533
          0.16455358
          0.15983552
          0.15531089
          0.15096998
          0.14680351
          0.14280295
          0.13896012
          0.13526735
          0.13171745
          0.12830361
          0.12501945
          0.12185892
          0.11881623
          0.11588590
          0.11306275
          0.11034198
          0.10771902
          0.10518952
          0.10274935
          0.10039465
          0.09812166
          0.09592686
          0.09380689
          0.09175862
          0.08977904
          0.08786527
          0.08601466
          0.08422459
          0.08249258
          0.08081632
          0.07919353
          0.07762212
          0.07610011
          0.07462558
          0.07319664
          0.07181155
          0.07046866
          0.06916640
          0.06790323
          0.06667768
          0.06548840
          0.06433403
          0.06321335
          0.06212511
          0.06106815
          0.06334325
          0.11300687
          0.24952442
          0.44877157
          0.80480141
          9.19503638
        202.37699375
        677.06212549
       1014.18628285
       1207.97517546
       1227.96042597
       1103.08833721
        927.50977195
        740.08934495
        565.77177978
        427.37279122
        321.84101748
        245.96051580
        190.61118456
        146.83191163
        117.63540889
         93.91112105
         80.05420264
         64.98635925
         53.20448549
         43.75811711
         36.61731264
         30.72946474
         25.96360189
         22.17215121
         19.12393577
         16.30195140
         14.22911250
         12.46692233
         10.72806282
          9.45539608
          8.35015373
          7.39863750
          6.58823107
          5.88662564
          5.27676741
          4.74505138
          4.28007391
          3.87227737
          3.51357786
          3.19708469
          2.91698580
          2.66836349
          2.44703868
          2.24945279
          2.07257033
          1.91379445
          1.77089979
          1.64197147
          1.52536103
          1.41964004
          1.32356990
          1.23607449
          1.15621771
          1.08318056
          1.01624552
          0.95478323
          0.90566581
          0.87308129
          0.84275905
          0.80616327
          0.76581700
          0.72628183
          0.69398370
          0.66365022
          0.63012269
          0.60062837
          0.56869311
          0.54262174
          0.51548335
          0.48928319
          0.46647217
          0.44479413
          0.42454880
          0.40574856
          0.38810849
          0.37156513
          0.35605682
          0.34152137
          0.33078719
          0.32605748
          0.31798866
          0.30622976
          0.29488569
          0.28434505
          0.27434603
          0.26516125
          0.25703158
          0.24920300
          0.24250472
          0.23575796
          0.23025529
          0.22504398
          0.22011239
          0.21544397
          0.21103879
          0.20700418
          0.20313373
          0.19940514
          0.19579989
          0.19230309
          0.18890308
          0.18559085
          0.18235939
          0.17920323
          0.17611801
          0.17310007
          0.17014616
          0.16725329
          0.16441860
          0.16163930
          0.15891266
          0.15623601
          0.15360676
          0.15102246
          0.14848079
          0.14597953
          0.14351687
          0.14109118
          0.13870092
          0.13634495
          0.13402222
          0.13173206
          0.12947381
          0.12724717
          0.12505184
          0.12288769
          0.12075473
          0.11865303
          0.11658278
          0.11454415
          0.11253736
          0.11056266
          0.10862022
          0.10671021
          0.10483284
          0.10298820
          0.10117652
          0.09939782
          0.09765211
          0.09593941
          0.09425971
          0.09261293
          0.09099894
          0.08941750
          0.08786843
          0.08635157
          0.08486658
          0.08341313
          0.08199095
          0.08059964
          0.07923879
          0.07790801
          0.07660687
          0.07533485
          0.07409157
          0.07287658
          0.07168936
          0.07052945
          0.06939632
          0.06828948
          0.06720840
          0.06615264
          0.06512169
          0.06411502
          0.06313207
          0.06217237
          0.06123544
          0.06032079
          0.05942790
          0.05855630
          0.05770550
          0.05687506
          0.05606447
          0.05527327
          0.05450102
          0.05374727
          0.05301159
          0.05229355
          0.05159273
          0.05090873
          0.05024113
          0.04958956
          0.04895357
          0.04833282
          0.04772693
          0.04713554
          0.04655828
          0.04599483
          0.04544481
          0.04490797
          0.04438392
          0.04387239
          0.04337304
          0.04288557
          0.04240971
          0.04194517
          0.04149165
          0.04104893
          0.04061672
          0.04019476
          0.03978281
          0.03938063
          0.03898794
          0.03860453
          0.03823166
          0.03835861
          0.05240220
          0.10736542
          0.17760298
          0.21631664
          0.23639347
          0.24999134
          0.26824838
          0.30997225
          0.41075875
          0.58549900
          0.83678979
          1.11783029
          1.37293613
          1.57835000
          1.76174803
          1.90029485
          2.05390526
          2.16629934
          2.24939617
          2.28855119
          2.28110417
          2.23911025
          2.17368298
          2.09169141
          1.99926619
          1.90130381
          1.80148061
          1.70242515
          1.60592400
          1.51312878
          1.42472663
          1.34107628
          1.26230582
          1.18839171
          1.11920584
          1.05455829
          0.99422221
          0.93794885
          0.88548440
          0.83657747
          0.79098395
          0.74846943
          0.70881186
          0.67180198
          0.63724421
          0.60495750
          0.57477246
          0.54653296
          0.52009470
          0.49532430
          0.47739346
          0.47796183
          0.48426508
          0.47544767
          0.45746245
          0.43971291
          0.42366109
          0.41919824
          0.41123442
          0.40405647
          0.39389756
          0.38481457
          0.39801150
          0.43123599
          0.45768033
          0.47657806
          0.48166582
          0.47585990
          0.46727995
          0.46062855
          0.45637246
          0.45388052
          0.45713597
          0.47055244
          0.49735253
          0.54715246
          0.61416742
          0.71454615
          0.82475246
          0.95361975
          1.11167628
          1.25905548
          1.40299861
          1.53817663
          1.66072814
          1.76628720
          1.85168578
          1.91515282
          1.95641528
          1.97912006
          1.98980979
          1.97891962
          1.95407826
          1.91494246
          1.86576744
          1.81000215
          1.74975723
          1.68676817
          1.62241949
          1.55778319
          1.49366448
          1.43065479
          1.36917660
          1.30952116
          1.25187962
          1.19637187
          1.14306006
          1.09196682
          1.04308486
          0.99638486
          0.95182401
          0.90934767
          0.86889499
          0.83039764
          0.79378487
          0.75898319
          0.72591719
          0.69451051
          0.66468751
          0.63637324
          0.60986944
          0.59314897
          0.62843648
          0.69578339
          0.82661590
          0.97277159
          1.02218460
          1.02482487
          1.00867611
          0.97902459
          0.94179285
          0.90227110
          0.87084467
          0.87561322
          1.00137971
          1.36905678
          2.24742359
          3.33153684
          4.67926743
          5.94180901
          6.79550712
          7.27852274
          7.54548174
          7.63402335
          7.52580858
          7.34436946
          7.31684780
          7.91830985
          9.56203901
         12.07899773
         14.19623822
         15.46131113
         15.86933850
         15.60218220
         14.98867835
         14.08164779
         13.19941947
         12.26607394
         11.27289110
         10.44061779
          9.66617916
          8.96548859
          8.32726714
          7.75514085
          7.25388453
          6.80119980
          6.46326284
          6.22795989
          6.03783229
          5.93445114
          5.75373293
          5.43468837
          5.07509851
          4.75540726
          4.65430945
          5.43776804
          8.65769388
         15.02678204
         21.55731459
         25.44722522
         27.09736143
         26.92090035
         25.89958856
         24.43992331
         22.97965956
         21.51755275
         20.12118178
         18.83011983
         17.62738446
         16.51057538
         15.47499037
         14.51487601
         13.62426895
         12.79741803
         12.02896656
         11.31406615
         10.64832207
         10.02773651
          9.44882762
          8.90843948
          8.40346654
          7.93112747
          7.48909874
          7.07524303
          6.68759037
          6.32434276
          5.98382841
          5.66447793
          5.36482046
          5.08348562
          4.81918914
          4.57072318
          4.33696149
          4.11686054
          3.90946606
          3.71389700
          3.52934470
          3.35506894
          3.19039402
          3.03470310
          2.88743022
          2.74805525
          2.61613716
          2.49125212
          2.37292630
          2.26074925
          2.15439055
          2.05353184
          1.95787045
          1.86712295
          1.78102173
          1.69932558
          1.62180522
          1.54823060
          1.47838841
          1.41207989
          1.34911823
          1.28932845
          1.23254443
          1.17860837
          1.12737261
          1.07869680
          1.03244682
          0.98849603
          0.94672377
          0.90701465
          0.86925986
          0.83345446
          0.79945640
          0.76703950
          0.73615222
          0.70672985
          0.67870311
          0.65200275
          0.62656152
          0.60231468
          0.57920049
          0.55715988
          0.53613731
          0.51608050
          0.49851371
          0.48341550
          0.46761803
          0.45102613
          0.43510101
          0.41981722
          0.40515384
          0.39108604
          0.37758874
          0.36463800
          0.35219347
          0.34024227
          0.32878995
          0.31781228
          0.30728807
          0.29719796
          0.28752357
          0.27824740
          0.26935269
          0.26082310
          0.25264270
          0.24479607
          0.23726825
          0.23004498
          0.22311241
          0.21645723
          0.21006673
          0.20392875
          0.19803181
          0.19236491
          0.18691758
          0.18167991
          0.17664244
          0.17179617
          0.16713261
          0.16264373
          0.15832184
          0.15415957
          0.15015002
          0.14628662
          0.14256310
          0.13897352
          0.13551223
          0.13217377
          0.12895305
          0.12584519
          0.12284562
          0.11994995
          0.11715390
          0.11445346
          0.11184488
          0.10932452
          0.10688889
          0.10453466
          0.10225870
          0.10005798
          0.09792960
          0.09587081
          0.09387897
          0.09195154
          0.09008610
          0.08828034
          0.08653207
          0.08483921
          0.08319971
          0.08161162
          0.08007308
          0.07858229
          0.07713753
          0.07573718
          0.07437966
          0.07306350
          0.07178725
          0.07054952
          0.06934897
          0.06818431
          0.06705430
          0.06595776
          0.06489356
          0.06386062
          0.06285789
          0.06188435
          0.06093903
          0.06002100
          0.05912934
          0.05826320
          0.05742176
          0.05660422
          0.05580979
          0.05503776
          0.05428740
          0.05355803
          0.05284899
          0.05215964
          0.05148935
          0.05083753
          0.05020361
          0.04958702
          0.04898726
          0.04840381
          0.04783617
          0.04728386
          0.04674643
          0.04622344
          0.04571444
          0.04521901
          0.04473676
          0.04426733
          0.04381032
          0.04336538
          0.04293216
          0.04251032
          0.04209954
          0.04169950
          0.04130989
          0.04093042
          0.04056081
          0.04020077
          0.03985004
          0.03950835
          0.03917545
          0.03885112
          0.03853510
          0.03822718
          0.03792713
          0.03763474
          0.03734981
          0.03707212
          0.03680148
          0.03653771
          0.03628061
          0.03603002
          0.03578576
          0.03554766
          0.03531557
          0.03508932
          0.03486875
          0.03465373
          0.03444410
          0.03423973
          0.03404047
          0.03384620
          0.03365679
          0.03347211
          0.03329204
          0.03311646
          0.03294526
          0.03277832
          0.03261555
          0.03245683
          0.03230205
          0.03215110
          0.03200391
          0.03186037
          0.03172040
          0.03160784
          0.03151901
          0.03142429
          0.03132552
          0.03122411
          0.03112121
          0.03101767
          0.03091415
          0.03081119
          0.03070918
          0.03060844
          0.03050919
          0.03041161
          0.03031581
          0.03022187
          0.03012985
          0.03003978
          0.02995169
          0.02986558
          0.02978145
          0.02969926
          0.02961900
          0.02954065
          0.02944111
          0.02932370
          0.02921681
          0.02911858
          0.02902759
          0.02894269
          0.02886294
          0.02878760
          0.02871607
          0.02864784
          0.02858253
          0.02851983
          0.02845947
          0.02840123
          0.02834494
          0.02829043
          0.02823758
          0.02818629
          0.02813647
          0.02808803
          0.02804092
          0.02799508
          0.02795044
          0.02790697
          0.02786462
          0.02782335
          0.02778311
          0.02774387
          0.02770561
          0.02766830
          0.02763189
          0.02759638
          0.02756174
          0.02752794
          0.02749497
          0.02746279
          0.02743138
          0.02740073
          0.02737082
          0.02734161
          0.02731310
          0.02728526
          0.02725809
          0.02723155
          0.02720564
          0.02718033
          0.02715562
          0.02713147
          0.02710790
          0.02708488
          0.02706241
          0.02704046
          0.02701902
          0.02699809
          0.02697764
          0.02695767
          0.02693816
          0.02691911
          0.02690049
          0.02688230
          0.02686452
          0.02684716
          0.02683018
          0.02681360
          0.02679740
          0.02678156
          0.02676608
          0.02675095
          0.02673616
          0.02672170
          0.02670756
          0.02669374
          0.02668022
          0.02666700
          0.02665407
          0.02664142
          0.02662903
          0.02661690
          0.02660503
          0.02659341
          0.02658203
          0.02657088
          0.02655996
          0.02654927
          0.02653880
          0.02652854
          0.02651849
          0.02650864
          0.02649898
          0.02648951
          0.02648022
          0.02647110
          0.02646216
          0.02645339
          0.02644477
          0.02643631
          0.02652171
          0.02956883
          0.12695727
          0.55359992
          1.34796074
          2.20119971
          3.14782954
          5.14941655
         12.96878404
         29.40244216
         42.94544119
         47.01101054
         45.63329266
         42.20967342
         38.17790220
         34.30758854
         30.89848409
         27.89900402
         24.91740854
         22.62246269
         20.56663720
         18.73820784
         17.14016935
         15.75084571
         14.51869069
         13.42261140
         12.44431873
         11.56819199
         10.78111833
         10.07188997
          9.43093748
          8.85005725
          8.32216678
          7.84115970
          7.40175011
          6.99933037
          6.62987162
          6.28984983
          5.97617879
          5.68614134
          5.41734073
          5.16767216
          4.93527282
          4.71849879
          4.51589138
          4.32615351
          4.14813886
          3.98082593
          3.82287852
          3.67314304
          3.53142371
          3.39740185
          3.27044041
          3.14994284
          3.03534161
          2.92610918
          2.82175489
          2.72182603
          2.62591800
          2.53367318
          2.44478546
          2.35899844
          2.27609846
          2.19591036
          2.11829306
          2.04312958
          1.97032331
          1.89979723
          1.83148695
          1.76533508
          1.70129173
          1.63931125
          1.57917963
          1.52101617
          1.46489544
          1.41072204
          1.35842940
          1.30796050
          1.25926073
          1.21227606
          1.16695235
          1.12323586
          1.08107369
          1.04041200
          1.00119997
          0.96338988
          0.92693704
          0.89180048
          0.85794196
          0.82532603
          0.79391892
          0.76368919
          0.73460634
          0.70664012
          0.67976110
          0.65393980
          0.62914560
          0.60534848
          0.58251771
          0.56062148
          0.53962863
          0.51950765
          0.50022664
          0.48175404
          0.46405859
          0.44710958
          0.43087643
          0.41532971
          0.40044049
          0.38618072
          0.37252355
          0.35944287
          0.34691354
          0.33491129
          0.32341267
          0.31239558
          0.30183859
          0.29172135
          0.28202441
          0.27272893
          0.26381702
          0.25527180
          0.24707697
          0.23921697
          0.23167705
          0.22444302
          0.21750131
          0.21083897
          0.20444371
          0.19830384
          0.19240820
          0.18674607
          0.18130716
          0.17608180
          0.17106062
          0.16623469
          0.16159556
          0.15713517
          0.15284577
          0.14871995
          0.14475067
          0.14093128
          0.13725531
          0.13371670
          0.13030959
          0.12702833
          0.12386763
          0.12082242
          0.11788785
          0.11505934
          0.11233250
          0.10970314
          0.10716721
          0.10472089
          0.10236051
          0.10008256
          0.09788362
          0.09576056
          0.09371034
          0.09173005
          0.08981688
          0.08796816
          0.08618138
          0.08445414
          0.08278416
          0.08116921
          0.07960711
          0.07809584
          0.07663348
          0.07524369
          0.07390777
          0.07260593
          0.07133916
          0.07010772
          0.06891149
          0.06775003
          0.06662271
          0.06552874
          0.06446726
          0.06343738
          0.06243814
          0.06146861
          0.06052782
          0.05961488
          0.05872888
          0.05786892
          0.05703414
          0.05622371
          0.05543682
          0.05467269
          0.05393056
          0.05320972
          0.05249136
          0.05178627
          0.05110668
          0.05045040
          0.04981570
          0.04920113
          0.04860551
          0.04802780
          0.04746714
          0.04692273
          0.04639387
          0.04587995
          0.04538041
          0.04489470
          0.04442236
          0.04396294
          0.04351601
          0.04308117
          0.04265804
          0.04224625
          0.04184545
          0.04145531
          0.04107551
          0.04070575
          0.04034572
          0.03999514
          0.03965374
          0.03932127
          0.03899747
          0.03868208
          0.03837487
          0.03807559
          0.03778405
          0.03750002
          0.03722330
          0.03695369
          0.03669099
          0.03643501
          0.03618557
          0.03594249
          0.03570561
          0.03547474
          0.03524974
          0.03503044
          0.03481670
          0.03460837
          0.03440530
          0.03420735
          0.03401441
          0.03382633
          0.03364299
          0.03346427
          0.03329003
          0.03312018
          0.03295459
          0.03279316
          0.03263578
          0.03248235
          0.03233276
          0.03218690
          0.03204469
          0.03190605
          0.03177087
          0.03163907
          0.03151057
          0.03138527
          0.03126311
          0.03114399
          0.03102785
          0.03091460
          0.03080418
          0.03069652
          0.03059153
          0.03050395
          0.03042500
          0.03034425
          0.03026253
          0.03018047
          0.03009858
          0.03001721
          0.02993667
          0.02985718
          0.02977892
          0.02970201
          0.02962654
          0.02955257
          0.02948014
          0.02940927
          0.02934000
          0.02927229
          0.02920616
          0.02914158
          0.02907854
          0.02901700
          0.02895696
          0.02889839
          0.02883445
          0.02876177
          0.02868935
          0.02862192
          0.02855871
          0.02849910
          0.02844260
          0.02838882
          0.02833741
          0.02828811
          0.02824071
          0.02819501
          0.02815087
          0.02810817
          0.02806680
          0.02802668
          0.02798773
          0.02794989
          0.02791311
          0.02787734
          0.02784253
          0.02780863
          0.02777561
          0.02774346
          0.02771212
          0.02768157
          0.02765177
          0.02762271
          0.02759435
          0.02756669
          0.02753970
          0.02751335
          0.02748764
          0.02746254
          0.02743805
          0.02831097
          0.03094073
          0.03661892
          0.05358509
          0.10470412
          0.15120065
          0.18159763
          0.20361750
          0.21497685
          0.22287566
          0.22801530
          0.23122545
          0.23235165
          0.23343960
          0.24970533
          0.32350310
          0.41429224
          0.50076533
          0.70514356
          1.18615269
          2.18250092
          4.39695633
          8.51043764
         13.91797023
         20.11366607
         26.39702909
         31.07851684
         36.59336157
         41.10363829
         44.29154759
         46.48913841
         48.43257942
         49.99579122
         50.75369856
         50.32689267
         48.85024174
         46.59917176
         44.23150865
         41.29749443
         38.83912073
         36.35147654
         33.76626073
         31.63366511
         29.64582440
         27.82887249
         26.17168956
         24.64821926
         23.24578817
         21.95293769
         20.75885220
         19.65364628
         18.64093237
         17.71868055
         16.85223868
         16.03414209
         15.26813056
         14.54990824
         13.87553743
         13.24140341
         12.64420629
         12.08096982
         11.54942813
         11.04787419
         10.57428154
         10.12678964
          9.70386283
          9.30405923
          8.92599452
          8.56833639
          8.22980951
          7.90919263
          7.60531771
          7.31707943
          7.04341322
          6.78332847
          6.53594489
          6.30041239
          6.07592054
          5.86172099
          5.65711641
          5.46146507
          5.27419835
          5.09480065
          4.92279736
          4.75775502
          4.59778007
          4.44064560
          4.28711505
          4.13681387
          3.98871724
          3.84209025
          3.69676305
          3.55275008
          3.41008444
          3.26935111
          3.13109832
          2.99581718
          2.86392255
          2.73574061
          2.61150749
          2.49138403
          2.37548224
          2.26387413
          2.15660389
          2.05369536
          1.95514675
          1.86093198
          1.77099767
          1.68526592
          1.60364129
          1.52608256
          1.45246248
          1.38247437
          1.31602310
          1.25298175
          1.19321290
          1.13657405
          1.08291967
          1.03210662
          0.98399517
          0.93844884
          0.89533585
          0.85452915
          0.81591068
          0.77936717
          0.74478123
          0.71204256
          0.68104722
          0.65169667
          0.62389766
          0.59756154
          0.57260482
          0.54894838
          0.52656323
          0.50543590
          0.48540992
          0.46633816
          0.44819216
          0.43093341
          0.41451955
          0.39890746
          0.38405509
          0.36992137
          0.35646713
          0.34365506
          0.33144967
          0.31981786
          0.30872835
          0.29815165
          0.28805978
          0.27842688
          0.26922853
          0.26044157
          0.25204428
          0.24401631
          0.23633846
          0.22899272
          0.22197238
          0.21527067
          0.20885284
          0.20269474
          0.19678652
          0.19111760
          0.18567749
          0.18045600
          0.17544301
          0.17062891
          0.16600458
          0.16156111
          0.15729003
          0.15318346
          0.14923391
          0.14543433
          0.14177795
          0.13825837
          0.13486969
          0.13160634
          0.12846306
          0.12543494
          0.12251732
          0.11970573
          0.11696995
          0.11428208
          0.11168583
          0.10920254
          0.10682125
          0.10453337
          0.10233200
          0.10021137
          0.09816647
          0.09619291
          0.09428682
          0.09244477
          0.09066361
          0.08894047
          0.08779469
          0.08735779
          0.08633299
          0.08483684
          0.08338129
          0.08196458
          0.08058610
          0.07924467
          0.07793886
          0.07666714
          0.07542797
          0.07421984
          0.07304137
          0.07189134
          0.07076866
          0.06967239
          0.06860173
          0.06755597
          0.06653453
          0.06553695
          0.06456280
          0.06361172
          0.06268337
          0.06177744
          0.06204376
          0.06382710
          0.06415168
          0.06335068
          0.06257358
          0.06182029
          0.06109412
          0.06039998
          0.05971379
          0.05903604
          0.05836689
          0.05781372
          0.05724272
          0.05666032
          0.05607131
          0.05547935
          0.05488716
          0.05429689
          0.05371019
          0.05312839
          0.05255252
          0.05198712
          0.05249266
          0.05352280
          0.05458118
          0.05785753
          0.06482460
          0.07700039
          0.09833709
          0.14317055
          0.24281638
          0.40387349
          0.65105548
          1.05869964
          1.81251931
          3.51254757
          7.69484044
         17.23878053
         26.83951151
         35.20337802
         39.19151289
         40.93846166
         40.93196413
         39.89363818
         38.32839892
         36.51209640
         34.58643599
         32.64459297
         30.76198976
         29.17958983
         27.73653939
         26.14772539
         24.68858625
         23.46925534
         22.59586197
         21.98077075
         21.67071248
         21.58111940
         21.58101624
