          Spatially Averaged Totals (mm) over the simulation
     Time(Hours),       Cum Prec., Cum. Can. Evap., Cum. Soil Evap.,      Cum. Trans,  Cum. Aqu. Flow,  Cum. Discharge,  Canopy Storage,    Snow Storage,Subsurface Stor., Land Surf Stor.,   Channel Stor.
           0.050,           0.000,           0.000,           0.000,           0.000,           0.000,           0.000,           0.000,           0.000,        6620.510,           0.000,           0.008
          24.378,           0.053,           0.004,           0.060,           0.187,           0.000,           2.634,           0.041,           0.000,        6616.326,           0.067,           1.288
          48.315,           0.053,           0.011,           0.119,           0.340,           0.000,           6.252,           0.034,           0.000,        6612.589,           0.081,           1.216
          72.315,           0.056,           0.017,           0.180,           0.496,           0.000,           9.594,           0.031,           0.000,        6609.132,           0.080,           1.149
          96.315,           0.307,           0.044,           0.238,           0.640,           0.000,          12.689,           0.211,           0.000,        6605.972,           0.079,           1.091
         120.315,           0.470,           0.102,           0.296,           0.781,           0.000,          15.570,           0.287,           0.000,        6603.011,           0.074,           1.039
         144.315,           0.901,           0.216,           0.357,           0.920,           0.000,          18.270,           0.527,           0.000,        6600.270,           0.072,           0.994
         168.315,           1.234,           0.365,           0.407,           1.021,           0.000,          20.815,           0.652,           0.000,        6597.708,           0.070,           0.955
         192.315,           1.235,           0.498,           0.452,           1.118,           0.000,          23.226,           0.520,           0.000,        6595.229,           0.064,           0.921
         216.315,           1.370,           0.609,           0.498,           1.228,           0.000,          25.521,           0.519,           0.000,        6592.867,           0.061,           0.891
         240.315,           5.405,           0.894,           0.533,           1.247,           0.000,          27.798,           1.542,           0.000,        6593.067,           0.237,           0.912
         264.315,           5.408,           1.154,           0.573,           1.263,           0.000,          30.052,           1.178,           0.000,        6591.061,           0.112,           0.867
         288.315,           5.589,           1.396,           0.619,           1.306,           0.000,          32.164,           1.085,           0.000,        6588.981,           0.081,           0.839
         312.315,           5.745,           1.637,           0.673,           1.378,           0.000,          34.187,           0.970,           0.000,        6586.929,           0.066,           0.817
         336.315,           9.582,           2.034,           0.718,           1.384,           0.000,          36.218,           1.568,           0.000,        6587.412,           0.297,           0.855
         360.315,           9.823,           2.401,           0.771,           1.395,           0.000,          38.281,           1.279,           0.000,        6585.675,           0.139,           0.813
         384.315,          10.076,           2.677,           0.818,           1.425,           0.000,          40.208,           1.214,           0.000,        6583.814,           0.092,           0.787
         408.315,          13.891,           3.035,           0.860,           1.425,           0.000,          42.157,           1.584,           0.000,        6584.555,           0.382,           0.839
         432.315,          15.768,           3.379,           0.906,           1.426,           0.000,          44.222,           1.440,           0.000,        6584.189,           0.335,           0.825
         456.315,          15.870,           3.709,           0.968,           1.448,           0.000,          46.166,           1.178,           0.000,        6582.454,           0.147,           0.779
         480.315,          19.713,           4.137,           1.023,           1.450,           0.000,          48.090,           1.569,           0.000,        6583.107,           0.469,           0.836
         504.315,          20.296,           4.605,           1.088,           1.454,           0.000,          50.081,           1.401,           0.000,        6581.671,           0.205,           0.782
         528.315,          23.649,           5.044,           1.146,           1.454,           0.000,          52.016,           1.582,           0.000,        6582.085,           0.480,           0.825
         552.315,          29.423,           5.493,           1.213,           1.454,           0.000,          54.321,           1.638,           0.000,        6584.392,           0.915,           0.949
         576.315,          29.563,           5.879,           1.302,           1.474,           0.000,          56.617,           1.217,           0.000,        6582.969,           0.277,           0.806
         600.264,          40.323,           6.292,           1.369,           1.474,           0.000,          59.436,           1.829,           0.000,        6587.893,           1.720,           1.232
         624.576,          56.610,           6.742,           1.454,           1.474,           0.000,          65.829,           1.781,           0.000,        6595.547,           2.855,           1.788
         648.777,          61.131,           7.245,           1.552,           1.474,           0.000,          71.351,           1.545,           0.000,        6596.272,           1.333,           1.215
         672.777,          61.476,           7.709,           1.655,           1.485,           0.000,          74.432,           1.258,           0.000,        6594.538,           0.346,           0.930
         696.777,          61.541,           8.071,           1.769,           1.561,           0.000,          76.740,           0.950,           0.000,        6592.336,           0.155,           0.867
         720.777,          63.594,           8.562,           1.842,           1.581,           0.000,          78.899,           1.474,           0.000,        6591.065,           0.240,           0.857
         744.777,          66.992,           9.061,           1.914,           1.581,           0.000,          81.134,           1.584,           0.000,        6591.161,           0.582,           0.904
         768.777,          72.481,          10.028,           2.081,           1.582,           0.000,          84.199,           1.497,           0.000,        6591.763,           1.169,           1.094
         792.582,          73.737,          10.970,           2.294,           1.634,           0.000,          86.982,           1.455,           0.000,        6590.201,           0.316,           0.839
         816.141,          91.700,          11.941,           2.482,           1.634,           0.000,          92.547,           1.889,           0.000,        6596.817,           3.296,           1.978
         840.123,         101.650,          12.856,           2.672,           1.634,           0.000,         100.385,           1.762,           0.000,        6599.195,           2.376,           1.644
         864.110,         103.835,          13.824,           2.862,           1.635,           0.000,         104.903,           1.426,           0.000,        6598.327,           0.702,           1.043
         888.110,         103.845,          14.434,           3.084,           1.743,           0.000,         107.527,           0.823,           0.000,        6596.051,           0.197,           0.908
         912.110,         105.938,          15.189,           3.216,           1.797,           0.000,         109.827,           1.426,           0.000,        6594.343,           0.204,           0.880
         936.110,         106.619,          16.017,           3.355,           1.857,           0.000,         112.022,           1.145,           0.000,        6592.239,           0.115,           0.845
         960.110,         107.565,          16.824,           3.507,           1.992,           0.000,         114.102,           1.106,           0.000,        6590.145,           0.079,           0.818
         984.110,         108.195,          17.501,           3.647,           2.186,           0.000,         116.091,           0.943,           0.000,        6588.018,           0.055,           0.795
        1008.110,         113.523,          18.538,           3.777,           2.197,           0.000,         118.112,           1.609,           0.000,        6588.998,           0.466,           0.854
        1032.110,         113.527,          19.305,           4.031,           2.352,           0.000,         120.189,           0.735,           0.000,        6587.051,           0.130,           0.793
        1056.110,         114.437,          19.835,           4.202,           2.581,           0.000,         122.085,           0.967,           0.000,        6585.026,           0.065,           0.768
        1080.110,         114.438,          20.227,           4.326,           2.866,           0.000,         123.897,           0.575,           0.000,        6582.886,           0.039,           0.746
        1104.110,         114.489,          20.433,           4.431,           3.241,           0.000,         125.640,           0.414,           0.000,        6580.732,           0.029,           0.727
        1128.110,         114.494,          20.567,           4.534,           3.702,           0.000,         127.321,           0.284,           0.000,        6578.550,           0.022,           0.709
        1152.110,         115.399,          20.851,           4.622,           4.037,           0.000,         128.953,           0.732,           0.000,        6576.703,           0.026,           0.697
        1176.110,         115.446,          21.169,           4.717,           4.390,           0.000,         130.532,           0.453,           0.000,        6574.737,           0.022,           0.681
        1200.110,         125.432,          22.146,           4.829,           4.411,           0.000,         132.255,           1.761,           0.000,        6579.774,           0.613,           0.829
        1224.110,         127.008,          23.202,           4.977,           4.412,           0.000,         134.252,           1.419,           0.000,        6578.928,           0.260,           0.763
        1248.110,         128.320,          24.145,           5.094,           4.413,           0.000,         136.017,           1.420,           0.000,        6577.577,           0.154,           0.729
        1272.110,         128.419,          24.873,           5.261,           4.590,           0.000,         137.670,           0.773,           0.000,        6575.753,           0.060,           0.699
        1296.110,         129.561,          25.455,           5.383,           4.791,           0.000,         139.255,           1.114,           0.000,        6574.119,           0.048,           0.684
        1320.110,         140.070,          26.391,           5.515,           4.792,           0.000,         141.181,           1.790,           0.000,        6579.460,           1.189,           0.966
        1344.110,         151.264,          27.456,           5.702,           4.792,           0.000,         144.769,           1.783,           0.000,        6584.828,           1.810,           1.281
        1368.110,         152.226,          28.535,           5.949,           4.820,           0.000,         147.974,           1.187,           0.000,        6583.691,           0.394,           0.854
        1392.110,         152.428,          29.123,           6.174,           5.000,           0.000,         149.973,           0.769,           0.000,        6581.702,           0.126,           0.774
        1416.110,         152.532,          29.479,           6.364,           5.397,           0.000,         151.769,           0.496,           0.000,        6579.492,           0.048,           0.739
        1440.110,         152.588,          29.651,           6.478,           5.799,           0.000,         153.466,           0.372,           0.000,        6577.365,           0.030,           0.714
        1464.110,         152.743,          29.798,           6.577,           6.226,           0.000,         155.091,           0.353,           0.000,        6575.304,           0.023,           0.694
        1488.110,         152.743,          29.921,           6.679,           6.738,           0.000,         156.649,           0.230,           0.000,        6573.191,           0.018,           0.674
        1512.110,         152.743,          29.991,           6.779,           7.302,           0.000,         158.148,           0.160,           0.000,        6571.086,           0.014,           0.656
        1536.110,         152.743,          30.036,           6.877,           7.918,           0.000,         159.591,           0.115,           0.000,        6568.983,           0.011,           0.639
        1560.110,         152.743,          30.066,           6.975,           8.573,           0.000,         160.983,           0.084,           0.000,        6566.892,           0.009,           0.624
        1584.110,         152.743,          30.090,           7.078,           9.327,           0.000,         162.324,           0.061,           0.000,        6564.749,           0.007,           0.608
        1608.110,         152.802,          30.122,           7.168,          10.013,           0.000,         163.620,           0.079,           0.000,        6562.733,           0.007,           0.595
        1632.110,         153.637,          30.365,           7.252,          10.508,           0.000,         164.888,           0.485,           0.000,        6561.106,           0.010,           0.586
        1656.110,         157.770,          31.254,           7.332,          10.588,           0.000,         166.165,           1.502,           0.000,        6561.817,           0.053,           0.604
        1680.110,         158.512,          32.229,           7.440,          10.703,           0.000,         167.443,           1.036,           0.000,        6560.608,           0.029,           0.592
        1704.110,         162.417,          33.313,           7.543,          10.715,           0.000,         168.729,           1.537,           0.000,        6561.416,           0.091,           0.617
        1728.110,         162.667,          34.070,           7.653,          10.841,           0.000,         170.032,           0.919,           0.000,        6560.087,           0.036,           0.599
        1752.110,         167.185,          35.004,           7.750,          10.855,           0.000,         171.348,           1.590,           0.000,        6561.396,           0.147,           0.635
        1776.110,         171.126,          36.055,           7.869,          10.855,           0.000,         172.772,           1.570,           0.000,        6562.656,           0.203,           0.662
        1800.110,         181.178,          37.298,           8.034,          10.855,           0.000,         174.521,           1.758,           0.000,        6568.488,           0.810,           0.844
        1824.110,         183.910,          38.590,           8.224,          10.855,           0.000,         176.512,           1.448,           0.000,        6568.569,           0.399,           0.747
        1848.110,         194.135,          39.795,           8.418,          10.855,           0.000,         178.865,           1.763,           0.000,        6573.419,           1.360,           1.037
        1872.110,         196.947,          41.020,           8.623,          10.855,           0.000,         181.542,           1.438,           0.000,        6573.440,           0.585,           0.827
        1896.110,         199.305,          42.351,           8.825,          10.855,           0.000,         183.489,           1.417,           0.000,        6572.690,           0.323,           0.753
        1920.110,         199.305,          43.194,           9.121,          11.169,           0.000,         185.166,           0.574,           0.000,        6570.751,           0.069,           0.694
        1944.110,         199.305,          43.470,           9.315,          11.891,           0.000,         186.690,           0.297,           0.000,        6568.434,           0.018,           0.663
        1968.110,         199.305,          43.579,           9.438,          12.656,           0.000,         188.130,           0.188,           0.000,        6566.179,           0.010,           0.639
        1992.110,         199.305,          43.637,           9.545,          13.417,           0.000,         189.503,           0.130,           0.000,        6564.002,           0.008,           0.618
        2016.110,         199.305,          43.676,           9.651,          14.229,           0.000,         190.815,           0.092,           0.000,        6561.832,           0.006,           0.599
        2040.110,         199.305,          43.701,           9.750,          15.032,           0.000,         192.075,           0.066,           0.000,        6559.727,           0.005,           0.583
        2064.110,         199.306,          43.719,           9.842,          15.790,           0.000,         193.287,           0.050,           0.000,        6557.718,           0.005,           0.568
        2088.110,         199.306,          43.732,           9.936,          16.576,           0.000,         194.456,           0.036,           0.000,        6555.720,           0.004,           0.554
        2112.110,         199.306,          43.743,          10.040,          17.459,           0.000,         195.582,           0.025,           0.000,        6553.662,           0.003,           0.540
        2136.110,         199.306,          43.751,          10.142,          18.369,           0.000,         196.666,           0.018,           0.000,        6551.618,           0.002,           0.526
        2160.110,         199.306,          43.756,          10.239,          19.229,           0.000,         197.713,           0.013,           0.000,        6549.664,           0.002,           0.514
        2184.110,         199.306,          43.761,          10.369,          20.471,           0.000,         198.717,           0.008,           0.000,        6547.349,           0.001,           0.498
        2208.110,         199.306,          43.764,          10.498,          21.728,           0.000,         199.679,           0.005,           0.000,        6545.062,           0.000,           0.483
        2232.110,         199.306,          43.766,          10.642,          23.160,           0.000,         200.597,           0.003,           0.000,        6542.632,           0.000,           0.468
        2256.110,         199.306,          43.767,          10.773,          24.470,           0.000,         201.477,           0.002,           0.000,        6540.370,           0.000,           0.455
        2280.110,         199.306,          43.768,          10.894,          25.666,           0.000,         202.323,           0.001,           0.000,        6538.259,           0.000,           0.444
        2304.110,         199.306,          43.768,          11.004,          26.739,           0.000,         203.141,           0.001,           0.000,        6536.306,           0.000,           0.434
        2328.110,         199.306,          43.768,          11.110,          27.782,           0.000,         203.933,           0.000,           0.000,        6534.411,           0.000,           0.425
        2352.110,         199.306,          43.768,          11.223,          28.895,           0.000,         204.698,           0.000,           0.000,        6532.467,           0.000,           0.415
        2376.110,         199.306,          43.768,          11.323,          29.873,           0.000,         205.440,           0.000,           0.000,        6530.689,           0.000,           0.407
        2400.110,         199.306,          43.768,          11.435,          30.964,           0.000,         206.157,           0.000,           0.000,        6528.817,           0.000,           0.398
        2424.110,         199.306,          43.769,          11.544,          32.033,           0.000,         206.852,           0.000,           0.000,        6526.989,           0.000,           0.390
        2448.110,         199.306,          43.769,          11.653,          33.110,           0.000,         207.524,           0.000,           0.000,        6525.175,           0.000,           0.382
        2472.110,         199.385,          43.800,          11.759,          34.126,           0.000,         208.177,           0.035,           0.000,        6523.456,           0.000,           0.374
        2496.110,         199.385,          43.824,          11.866,          35.155,           0.000,         208.809,           0.010,           0.000,        6521.730,           0.000,           0.367
        2520.110,         199.385,          43.831,          11.980,          36.270,           0.000,         209.421,           0.004,           0.000,        6519.934,           0.000,           0.359
        2544.110,         199.388,          43.833,          12.101,          37.465,           0.000,         210.012,           0.004,           0.000,        6518.075,           0.000,           0.350
        2568.110,         199.946,          44.067,          12.223,          38.528,           0.000,         210.587,           0.225,           0.000,        6516.456,           0.000,           0.345
        2592.601,         205.909,          45.869,          12.357,          38.692,           0.000,         211.214,           1.461,           0.000,        6518.359,           0.008,           0.373
        2616.636,         205.909,          46.884,          12.494,          39.256,           0.000,         211.822,           0.423,           0.000,        6517.120,           0.000,           0.358
        2640.636,         205.909,          47.133,          12.626,          40.367,           0.000,         212.403,           0.173,           0.000,        6515.345,           0.000,           0.348
        2664.636,         205.909,          47.222,          12.771,          41.735,           0.000,         212.960,           0.085,           0.000,        6513.333,           0.000,           0.337
        2688.636,         205.909,          47.262,          12.921,          43.199,           0.000,         213.490,           0.044,           0.000,        6511.246,           0.000,           0.326
        2712.636,         205.909,          47.284,          13.081,          44.770,           0.000,         213.996,           0.022,           0.000,        6509.073,           0.000,           0.315
        2736.636,         205.999,          47.301,          13.238,          46.333,           0.000,         214.478,           0.078,           0.000,        6506.947,           0.000,           0.306
        2760.043,         209.323,          48.874,          13.384,          46.829,           0.000,         214.954,           1.175,           0.000,        6506.475,           0.001,           0.315
        2784.644,         215.050,          51.134,          13.539,          46.864,           0.000,         215.490,           1.639,           0.000,        6508.628,           0.009,           0.343
        2808.449,         225.130,          53.211,          13.690,          46.864,           0.000,         216.131,           1.691,           0.000,        6515.436,           0.048,           0.429
        2832.449,         228.673,          55.486,          13.868,          46.864,           0.000,         216.875,           1.437,           0.000,        6516.045,           0.027,           0.425
        2856.449,         234.929,          57.651,          14.046,          46.864,           0.000,         217.654,           1.664,           0.000,        6518.816,           0.062,           0.457
        2880.131,         247.404,          59.748,          14.248,          46.864,           0.000,         218.624,           1.777,           0.000,        6527.435,           0.202,           0.583
        2904.538,         247.414,          60.889,          14.487,          47.390,           0.000,         219.711,           0.464,           0.000,        6526.047,           0.022,           0.515
        2928.538,         247.839,          61.330,          14.644,          48.320,           0.000,         220.631,           0.371,           0.000,        6524.208,           0.005,           0.483
        2952.538,         248.719,          61.938,          14.781,          49.179,           0.000,         221.487,           0.481,           0.000,        6522.581,           0.002,           0.462
        2976.538,         248.742,          62.253,          14.904,          50.144,           0.000,         222.288,           0.186,           0.000,        6520.759,           0.001,           0.440
        3000.538,         249.853,          62.776,          15.021,          50.930,           0.000,         223.051,           0.577,           0.000,        6519.333,           0.001,           0.429
        3024.538,         254.374,          64.674,          15.173,          51.062,           0.000,         223.828,           1.380,           0.000,        6520.046,           0.022,           0.441
        3048.538,         254.618,          65.820,          15.348,          51.716,           0.000,         224.581,           0.436,           0.000,        6518.585,           0.002,           0.420
        3072.538,         254.618,          66.085,          15.486,          52.837,           0.000,         225.289,           0.171,           0.000,        6516.679,           0.000,           0.402
        3096.538,         254.618,          66.165,          15.613,          54.013,           0.000,         225.959,           0.091,           0.000,        6514.767,           0.000,           0.387
        3120.538,         254.621,          66.206,          15.754,          55.367,           0.000,         226.592,           0.051,           0.000,        6512.706,           0.000,           0.370
        3144.538,         254.783,          66.289,          15.897,          56.728,           0.000,         227.190,           0.098,           0.000,        6510.698,           0.000,           0.357
        3168.538,         257.007,          67.261,          16.037,          57.530,           0.000,         227.776,           0.920,           0.000,        6509.622,           0.001,           0.358
        3192.279,         271.539,          69.476,          16.230,          57.544,           0.000,         228.519,           1.769,           0.000,        6519.532,           0.182,           0.510
        3216.380,         272.155,          70.959,          16.498,          58.049,           0.000,         229.424,           0.599,           0.000,        6518.397,           0.021,           0.460
        3240.380,         272.155,          71.368,          16.685,          59.312,           0.000,         230.202,           0.190,           0.000,        6516.269,           0.002,           0.428
        3264.380,         272.248,          71.482,          16.858,          60.901,           0.000,         230.914,           0.152,           0.000,        6513.900,           0.000,           0.402
        3288.380,         278.046,          73.908,          17.056,          61.164,           0.000,         231.629,           1.440,           0.000,        6514.751,           0.017,           0.421
        3312.787,         278.195,          75.110,          17.250,          62.000,           0.000,         232.335,           0.361,           0.000,        6513.119,           0.001,           0.398
        3336.787,         278.569,          75.367,          17.410,          63.395,           0.000,         232.985,           0.407,           0.000,        6511.052,           0.000,           0.382
        3360.784,         289.935,          77.924,          17.644,          63.450,           0.000,         233.733,           1.752,           0.000,        6517.057,           0.156,           0.484
        3384.407,         300.315,          80.490,          17.944,          63.450,           0.000,         234.815,           1.665,           0.000,        6523.226,           0.272,           0.592
        3408.814,         301.389,          82.142,          18.278,          64.006,           0.000,         235.922,           0.781,           0.000,        6521.904,           0.028,           0.501
        3432.814,         308.368,          84.609,          18.561,          64.043,           0.000,         236.923,           1.524,           0.000,        6524.127,           0.168,           0.546
        3456.814,         310.463,          86.649,          18.857,          64.288,           0.000,         237.942,           1.141,           0.000,        6523.204,           0.032,           0.505
        3480.814,         318.685,          89.019,          19.148,          64.290,           0.000,         239.032,           1.609,           0.000,        6526.820,           0.262,           0.592
        3504.814,         322.745,          91.263,          19.440,          64.290,           0.000,         240.238,           1.399,           0.000,        6527.508,           0.123,           0.560
        3528.814,         323.966,          92.865,          19.706,          64.712,           0.000,         241.287,           0.814,           0.000,        6526.150,           0.017,           0.520
        3552.814,         325.862,          94.329,          19.894,          65.241,           0.000,         242.259,           0.890,           0.000,        6524.873,           0.008,           0.501
        3576.814,         326.439,          95.206,          20.065,          66.188,           0.000,         243.172,           0.476,           0.000,        6523.027,           0.002,           0.477
        3600.814,         330.077,          97.176,          20.257,          66.494,           0.000,         244.065,           1.211,           0.000,        6522.572,           0.018,           0.473
        3624.221,         330.077,          98.108,          20.451,          67.452,           0.000,         244.883,           0.278,           0.000,        6520.687,           0.001,           0.447
        3648.221,         330.078,          98.282,          20.619,          68.989,           0.000,         245.666,           0.105,           0.000,        6518.278,           0.000,           0.424
        3672.221,         330.126,          98.363,          20.802,          70.763,           0.000,         246.392,           0.061,           0.000,        6515.689,           0.000,           0.400
        3696.221,         330.548,          98.609,          20.967,          72.250,           0.000,         247.073,           0.155,           0.000,        6513.508,           0.000,           0.384
        3720.221,         330.854,          98.816,          21.115,          73.590,           0.000,         247.716,           0.196,           0.000,        6511.495,           0.000,           0.371
        3744.368,         345.545,         101.175,          21.328,          73.658,           0.000,         248.507,           1.734,           0.000,        6520.621,           0.193,           0.528
        3768.519,         347.317,         103.260,          21.627,          73.948,           0.000,         249.490,           0.911,           0.000,        6519.784,           0.030,           0.486
        3792.519,         347.725,         104.141,          21.838,          75.005,           0.000,         250.343,           0.365,           0.000,        6517.841,           0.003,           0.454
        3816.519,         347.846,         104.408,          22.000,          76.388,           0.000,         251.125,           0.200,           0.000,        6515.614,           0.001,           0.428
        3840.519,         351.180,         106.126,          22.168,          76.889,           0.000,         251.883,           1.172,           0.000,        6514.848,           0.005,           0.425
        3864.519,         355.078,         108.554,          22.376,          76.955,           0.000,         252.646,           1.371,           0.000,        6515.055,           0.033,           0.428
        3888.519,         360.133,         111.072,          22.629,          76.959,           0.000,         253.442,           1.475,           0.000,        6516.342,           0.068,           0.452
        3912.519,         362.499,         113.378,          22.888,          77.133,           0.000,         254.246,           1.067,           0.000,        6515.654,           0.016,           0.437
        3936.519,         362.508,         114.188,          23.086,          78.264,           0.000,         254.991,           0.265,           0.000,        6513.668,           0.001,           0.412
        3960.519,         362.969,         114.585,          23.268,          79.789,           0.000,         255.684,           0.239,           0.000,        6511.436,           0.000,           0.390
        3984.519,         363.663,         115.114,          23.444,          81.200,           0.000,         256.334,           0.264,           0.000,        6509.409,           0.000,           0.373
        4008.519,         363.814,         115.334,          23.626,          82.881,           0.000,         256.938,           0.169,           0.000,        6507.047,           0.000,           0.354
        4032.519,         370.653,         118.187,          23.840,          83.174,           0.000,         257.556,           1.424,           0.000,        6508.533,           0.007,           0.394
        4056.926,         371.029,         119.542,          24.047,          84.189,           0.000,         258.203,           0.357,           0.000,        6506.820,           0.000,           0.376
        4080.926,         371.041,         119.781,          24.219,          85.715,           0.000,         258.799,           0.128,           0.000,        6504.608,           0.000,           0.354
        4104.926,         371.443,         120.025,          24.393,          87.289,           0.000,         259.354,           0.215,           0.000,        6502.450,           0.000,           0.338
        4128.333,         374.013,         121.487,          24.568,          88.097,           0.000,         259.880,           0.831,           0.000,        6501.461,           0.001,           0.336
        4152.740,         374.013,         122.168,          24.743,          89.355,           0.000,         260.400,           0.150,           0.000,        6499.577,           0.000,           0.319
        4176.740,         374.013,         122.263,          24.907,          90.908,           0.000,         260.882,           0.055,           0.000,        6497.451,           0.000,           0.305
        4200.740,         374.013,         122.292,          25.071,          92.511,           0.000,         261.335,           0.026,           0.000,        6495.305,           0.000,           0.291
        4224.740,         374.013,         122.305,          25.232,          94.092,           0.000,         261.762,           0.013,           0.000,        6493.208,           0.000,           0.279
        4248.307,         374.013,         122.312,          25.402,          95.747,           0.000,         262.157,           0.006,           0.000,        6491.065,           0.000,           0.266
        4272.147,         374.013,         122.315,          25.557,          97.260,           0.000,         262.533,           0.003,           0.000,        6489.086,           0.000,           0.259
        4296.032,         374.013,         122.316,          25.706,          98.711,           0.000,         262.896,           0.002,           0.000,        6487.189,           0.000,           0.249
        4320.554,         374.074,         122.322,          25.861,         100.227,           0.000,         263.248,           0.046,           0.000,        6485.242,           0.000,           0.244
        4344.961,         376.738,         123.693,          26.027,         101.048,           0.000,         263.602,           0.833,           0.000,        6484.422,           0.000,           0.249
        4368.387,         378.953,         125.325,          26.178,         101.543,           0.000,         263.943,           1.003,           0.000,        6483.855,           0.001,           0.249
        4392.275,         393.198,         127.801,          26.355,         101.552,           0.000,         264.402,           1.770,           0.000,        6493.632,           0.051,           0.372
        4416.815,         396.011,         130.216,          26.563,         101.628,           0.000,         264.997,           1.270,           0.000,        6493.688,           0.013,           0.363
        4440.815,         398.891,         132.478,          26.761,         101.803,           0.000,         265.556,           1.321,           0.000,        6493.345,           0.009,           0.357
        4464.485,         407.771,         135.071,          26.999,         101.804,           0.000,         266.192,           1.602,           0.000,        6498.153,           0.109,           0.432
        4488.892,         407.997,         136.396,          27.261,         102.596,           0.000,         266.878,           0.404,           0.000,        6496.703,           0.006,           0.384
        4512.892,         408.903,         136.948,          27.437,         103.845,           0.000,         267.468,           0.589,           0.000,        6494.936,           0.001,           0.364
        4536.376,         419.353,         139.534,          27.678,         103.886,           0.000,         268.114,           1.677,           0.000,        6500.384,           0.131,           0.460
        4560.376,         421.347,         141.750,          27.976,         104.209,           0.000,         268.881,           0.927,           0.000,        6499.692,           0.018,           0.428
        4584.376,         424.622,         143.828,          28.185,         104.475,           0.000,         269.583,           1.201,           0.000,        6499.448,           0.014,           0.424
        4608.376,         426.757,         145.768,          28.380,         104.839,           0.000,         270.272,           0.960,           0.000,        6498.676,           0.008,           0.412
        4632.376,         426.933,         146.559,          28.546,         105.815,           0.000,         270.917,           0.315,           0.000,        6496.999,           0.001,           0.386
        4656.376,         426.933,         146.758,          28.712,         107.284,           0.000,         271.508,           0.115,           0.000,        6494.859,           0.000,           0.361
        4680.376,         426.933,         146.820,          28.882,         108.917,           0.000,         272.047,           0.053,           0.000,        6492.602,           0.000,           0.338
        4704.376,         426.933,         146.848,          29.056,         110.618,           0.000,         272.542,           0.025,           0.000,        6490.320,           0.000,           0.318
        4728.376,         426.933,         146.861,          29.232,         112.345,           0.000,         272.998,           0.012,           0.000,        6488.048,           0.000,           0.299
        4752.376,         426.933,         146.867,          29.392,         113.922,           0.000,         273.421,           0.006,           0.000,        6485.964,           0.000,           0.285
        4776.376,         426.933,         146.870,          29.556,         115.535,           0.000,         273.817,           0.003,           0.000,        6483.870,           0.000,           0.271
        4800.376,         426.937,         146.872,          29.718,         117.138,           0.000,         274.187,           0.004,           0.000,        6481.813,           0.000,           0.258
        4824.376,         427.163,         146.992,          29.879,         118.657,           0.000,         274.536,           0.071,           0.000,        6479.891,           0.000,           0.249
        4848.783,         427.163,         147.049,          30.029,         120.060,           0.000,         274.870,           0.015,           0.000,        6478.071,           0.000,           0.239
        4872.783,         427.177,         147.059,          30.178,         121.520,           0.000,         275.183,           0.016,           0.000,        6476.218,           0.000,           0.231
        4896.783,         427.590,         147.282,          30.332,         122.915,           0.000,         275.484,           0.127,           0.000,        6474.508,           0.000,           0.225
        4920.190,         427.590,         147.383,          30.484,         124.312,           0.000,         275.761,           0.025,           0.000,        6472.750,           0.000,           0.215
        4944.247,         427.590,         147.400,          30.638,         125.798,           0.000,         276.032,           0.009,           0.000,        6470.910,           0.000,           0.207
        4968.597,         427.590,         147.405,          30.816,         127.538,           0.000,         276.287,           0.004,           0.000,        6468.816,           0.000,           0.200
        4992.543,         427.590,         147.407,          30.984,         129.155,           0.000,         276.526,           0.002,           0.000,        6466.870,           0.000,           0.191
        5016.366,         427.590,         147.408,          31.163,         130.899,           0.000,         276.750,           0.002,           0.000,        6464.808,           0.000,           0.183
        5040.217,         427.787,         147.441,          31.347,         132.670,           0.000,         276.959,           0.131,           0.000,        6462.759,           0.000,           0.178
        5064.574,         443.945,         150.352,          31.540,         132.752,           0.000,         277.280,           1.730,           0.000,        6473.164,           0.021,           0.290
        5088.314,         450.037,         153.102,          31.733,         132.752,           0.000,         277.700,           1.514,           0.000,        6475.973,           0.019,           0.315
        5112.721,         450.063,         154.243,          31.906,         133.491,           0.000,         278.122,           0.380,           0.000,        6474.742,           0.000,           0.288
        5136.171,         450.992,         154.860,          32.054,         134.509,           0.000,         278.495,           0.513,           0.000,        6473.439,           0.000,           0.274
        5160.377,         463.647,         157.237,          32.246,         134.544,           0.000,         278.989,           1.742,           0.000,        6481.291,           0.090,           0.394
        5184.248,         468.497,         159.637,          32.471,         134.544,           0.000,         279.625,           1.497,           0.000,        6483.101,           0.062,           0.397
        5208.248,         473.754,         161.977,          32.702,         134.544,           0.000,         280.284,           1.490,           0.000,        6485.063,           0.077,           0.410
        5232.500,         474.030,         163.149,          32.933,         135.319,           0.000,         280.898,           0.535,           0.000,        6483.659,           0.004,           0.368
        5256.525,         484.907,         165.651,          33.187,         135.380,           0.000,         281.582,           1.736,           0.000,        6489.272,           0.166,           0.481
        5280.289,         494.051,         168.017,          33.462,         135.380,           0.000,         282.567,           1.728,           0.000,        6494.696,           0.220,           0.538
        5304.204,         506.150,         170.306,          33.749,         135.380,           0.000,         283.740,           1.717,           0.000,        6502.709,           0.254,           0.662
        5328.090,         507.568,         172.131,          34.051,         135.692,           0.000,         284.965,           0.851,           0.000,        6501.669,           0.036,           0.568
        5352.090,         507.623,         172.758,          34.249,         136.729,           0.000,         285.956,           0.271,           0.000,        6499.579,           0.004,           0.516
        5376.090,         507.623,         172.911,          34.405,         138.080,           0.000,         286.833,           0.118,           0.000,        6497.289,           0.001,           0.476
        5400.090,         507.623,         172.968,          34.557,         139.513,           0.000,         287.621,           0.061,           0.000,        6495.003,           0.000,           0.443
        5424.090,         507.627,         172.997,          34.715,         141.031,           0.000,         288.336,           0.034,           0.000,        6492.697,           0.000,           0.415
        5448.090,         508.579,         173.494,          34.882,         142.373,           0.000,         288.997,           0.306,           0.000,        6490.781,           0.000,           0.395
        5472.090,         508.624,         173.761,          35.042,         143.770,           0.000,         289.608,           0.073,           0.000,        6488.702,           0.000,           0.372
        5496.090,         508.629,         173.812,          35.207,         145.340,           0.000,         290.170,           0.026,           0.000,        6486.488,           0.000,           0.350
        5520.090,         509.001,         174.011,          35.361,         146.732,           0.000,         290.694,           0.135,           0.000,        6484.550,           0.000,           0.335
        5544.090,         509.067,         174.144,          35.514,         148.140,           0.000,         291.184,           0.058,           0.000,        6482.581,           0.000,           0.319
        5568.090,         512.965,         175.826,          35.660,         148.548,           0.000,         291.675,           1.208,           0.000,        6482.582,           0.003,           0.334
        5592.497,         513.009,         176.770,          35.808,         149.333,           0.000,         292.163,           0.297,           0.000,        6481.227,           0.000,           0.318
        5616.497,         514.241,         177.511,          35.948,         150.215,           0.000,         292.631,           0.523,           0.000,        6480.046,           0.000,           0.312
        5640.497,         515.148,         178.293,          36.088,         151.058,           0.000,         293.080,           0.456,           0.000,        6478.857,           0.000,           0.301
        5664.497,         516.956,         179.434,          36.236,         151.722,           0.000,         293.517,           0.699,           0.000,        6478.060,           0.003,           0.297
        5688.497,         516.956,         179.957,          36.372,         152.663,           0.000,         293.932,           0.176,           0.000,        6476.628,           0.000,           0.283
        5712.497,         516.956,         180.055,          36.488,         153.710,           0.000,         294.325,           0.078,           0.000,        6475.127,           0.000,           0.274
        5736.497,         516.956,         180.092,          36.613,         154.888,           0.000,         294.698,           0.041,           0.000,        6473.512,           0.000,           0.263
        5760.085,         516.956,         180.110,          36.742,         156.109,           0.000,         295.045,           0.023,           0.000,        6471.877,           0.000,           0.251
        5784.904,         516.966,         180.121,          36.878,         157.394,           0.000,         295.387,           0.020,           0.000,        6470.180,           0.000,           0.242
        5808.395,         517.207,         180.239,          37.004,         158.522,           0.000,         295.697,           0.101,           0.000,        6468.713,           0.000,           0.234
        5832.266,         517.207,         180.311,          37.123,         159.600,           0.000,         295.999,           0.028,           0.000,        6467.270,           0.000,           0.226
        5856.718,         517.207,         180.328,          37.244,         160.759,           0.000,         296.294,           0.011,           0.000,        6465.751,           0.000,           0.221
        5880.163,         517.207,         180.334,          37.364,         161.882,           0.000,         296.565,           0.006,           0.000,        6464.295,           0.000,           0.213
        5904.005,         517.207,         180.336,          37.492,         163.121,           0.000,         296.827,           0.003,           0.000,        6462.726,           0.000,           0.206
        5928.532,         517.221,         180.339,          37.618,         164.320,           0.000,         297.084,           0.012,           0.000,        6461.206,           0.000,           0.201
        5952.939,         517.934,         180.628,          37.745,         165.362,           0.000,         297.333,           0.307,           0.000,        6459.963,           0.000,           0.199
        5976.346,         520.871,         182.154,          37.872,         165.720,           0.000,         297.582,           1.145,           0.000,        6459.792,           0.001,           0.208
        6000.753,         521.006,         183.061,          37.996,         166.355,           0.000,         297.833,           0.347,           0.000,        6458.851,           0.000,           0.196
        6024.354,         522.510,         183.751,          38.107,         167.003,           0.000,         298.072,           0.862,           0.000,        6458.170,           0.000,           0.201
        6048.288,         546.456,         185.530,          38.244,         167.008,           0.000,         298.556,           1.832,           0.000,        6477.535,           0.161,           0.461
        6072.822,         546.456,         186.655,          38.433,         167.467,           0.000,         299.281,           0.483,           0.000,        6476.633,           0.017,           0.387
        6096.822,         546.456,         186.922,          38.570,         168.399,           0.000,         299.845,           0.216,           0.000,        6475.096,           0.003,           0.355
        6120.822,         546.457,         187.025,          38.699,         169.533,           0.000,         300.350,           0.114,           0.000,        6473.411,           0.000,           0.330
        6144.822,         546.457,         187.073,          38.823,         170.688,           0.000,         300.811,           0.066,           0.000,        6471.747,           0.000,           0.309
        6168.822,         546.457,         187.098,          38.934,         171.737,           0.000,         301.236,           0.041,           0.000,        6470.228,           0.000,           0.293
        6192.822,         546.457,         187.113,          39.043,         172.769,           0.000,         301.634,           0.026,           0.000,        6468.754,           0.000,           0.279
        6216.822,         546.457,         187.122,          39.144,         173.729,           0.000,         302.008,           0.017,           0.000,        6467.377,           0.000,           0.268
        6240.822,         546.457,         187.128,          39.246,         174.692,           0.000,         302.362,           0.011,           0.000,        6466.016,           0.000,           0.257
        6264.822,         546.457,         187.132,          39.346,         175.644,           0.000,         302.699,           0.007,           0.000,        6464.682,           0.000,           0.248
        6288.030,         546.457,         187.134,          39.447,         176.593,           0.000,         303.008,           0.005,           0.000,        6463.379,           0.000,           0.237
        6312.229,         546.457,         187.136,          39.550,         177.572,           0.000,         303.314,           0.003,           0.000,        6462.046,           0.000,           0.230
        6336.020,         546.457,         187.137,          39.650,         178.516,           0.000,         303.602,           0.002,           0.000,        6460.767,           0.000,           0.221
        6360.636,         546.608,         187.197,          39.747,         179.404,           0.000,         303.887,           0.067,           0.000,        6459.570,           0.000,           0.217
        6384.237,         546.608,         187.242,          39.840,         180.249,           0.000,         304.150,           0.022,           0.000,        6458.415,           0.000,           0.210
        6408.027,         546.609,         187.255,          39.927,         181.063,           0.000,         304.406,           0.010,           0.000,        6457.303,           0.000,           0.205
        6432.450,         547.156,         187.460,          40.019,         181.809,           0.000,         304.662,           0.248,           0.000,        6456.349,           0.000,           0.204
        6456.051,         547.156,         187.624,          40.109,         182.561,           0.000,         304.903,           0.083,           0.000,        6455.311,           0.000,           0.196
        6480.046,         547.156,         187.670,          40.194,         183.323,           0.000,         305.138,           0.037,           0.000,        6454.270,           0.000,           0.192
        6504.264,         547.156,         187.688,          40.281,         184.139,           0.000,         305.367,           0.019,           0.000,        6453.181,           0.000,           0.189
        6528.017,         547.156,         187.695,          40.370,         184.964,           0.000,         305.585,           0.012,           0.000,        6452.095,           0.000,           0.183
        6552.266,         547.157,         187.700,          40.461,         185.814,           0.000,         305.799,           0.009,           0.000,        6450.986,           0.000,           0.179
        6576.077,         547.306,         187.750,          40.539,         186.517,           0.000,         306.004,           0.075,           0.000,        6450.066,           0.000,           0.178
        6600.484,         547.748,         187.950,          40.621,         187.171,           0.000,         306.212,           0.236,           0.000,        6449.235,           0.000,           0.176
        6624.891,         547.748,         188.100,          40.702,         187.838,           0.000,         306.413,           0.087,           0.000,        6448.324,           0.000,           0.171
        6648.254,         547.749,         188.143,          40.768,         188.428,           0.000,         306.601,           0.045,           0.000,        6447.511,           0.000,           0.169
        6672.184,         547.844,         188.191,          40.837,         189.039,           0.000,         306.790,           0.074,           0.000,        6446.691,           0.000,           0.167
        6696.705,         547.844,         188.230,          40.909,         189.689,           0.000,         306.979,           0.035,           0.000,        6445.815,           0.000,           0.165
        6720.112,         547.844,         188.245,          40.974,         190.280,           0.000,         307.155,           0.020,           0.000,        6445.015,           0.000,           0.162
        6744.563,         547.844,         188.252,          41.040,         190.877,           0.000,         307.335,           0.013,           0.000,        6444.204,           0.000,           0.160
        6768.028,         547.844,         188.255,          41.098,         191.409,           0.000,         307.504,           0.010,           0.000,        6443.473,           0.000,           0.158
        6792.926,         548.027,         188.263,          41.162,         192.000,           0.000,         307.681,           0.150,           0.000,        6442.704,           0.000,           0.159
        6816.333,         552.607,         189.080,          41.223,         192.096,           0.000,         307.872,           1.494,           0.000,        6444.636,           0.005,           0.187
        6840.740,         554.918,         190.094,          41.290,         192.104,           0.000,         308.096,           1.589,           0.000,        6445.500,           0.006,           0.190
        6864.620,         567.391,         190.940,          41.350,         192.104,           0.000,         308.405,           1.731,           0.000,        6455.913,           0.034,           0.314
        6888.346,         571.212,         191.842,          41.416,         192.104,           0.000,         308.850,           1.636,           0.000,        6458.304,           0.025,           0.336
        6912.377,         584.515,         192.788,          41.493,         192.104,           0.000,         309.467,           1.739,           0.000,        6469.219,           0.104,           0.499
        6936.855,         584.524,         193.479,          41.577,         192.223,           0.000,         310.266,           0.848,           0.000,        6468.587,           0.022,           0.446
        6960.855,         584.765,         193.841,          41.644,         192.464,           0.000,         310.936,           0.684,           0.000,        6467.728,           0.008,           0.414
        6984.855,         585.156,         194.161,          41.701,         192.711,           0.000,         311.549,           0.681,           0.000,        6466.939,           0.005,           0.391
        7008.855,         585.269,         194.399,          41.755,         193.000,           0.000,         312.116,           0.535,           0.000,        6466.100,           0.003,           0.373
        7032.685,         588.615,         195.082,          41.812,         193.058,           0.000,         312.673,           1.635,           0.000,        6466.941,           0.020,           0.385
        7056.577,         598.191,         196.006,          41.895,         193.058,           0.000,         313.380,           1.705,           0.000,        6474.306,           0.134,           0.502
        7080.981,         602.173,         197.006,          41.994,         193.058,           0.000,         314.281,           1.477,           0.000,        6476.519,           0.087,           0.501
        7104.388,         602.253,         197.605,          42.073,         193.160,           0.000,         315.075,           0.924,           0.000,        6475.712,           0.022,           0.458
        7128.388,         603.975,         198.269,          42.139,         193.220,           0.000,         315.817,           1.391,           0.000,        6475.455,           0.025,           0.446
        7152.388,         607.467,         199.128,          42.219,         193.220,           0.000,         316.572,           1.542,           0.000,        6477.009,           0.070,           0.465
        7176.388,         611.539,         200.021,          42.309,         193.220,           0.000,         317.394,           1.581,           0.000,        6479.146,           0.098,           0.489
        7200.388,         616.986,         200.869,          42.398,         193.220,           0.000,         318.357,           1.547,           0.000,        6482.578,           0.170,           0.522
        7224.388,         616.995,         201.447,          42.483,         193.315,           0.000,         319.254,           0.900,           0.000,        6481.798,           0.037,           0.458
        7248.388,         617.657,         201.907,          42.559,         193.499,           0.000,         320.020,           0.979,           0.000,        6480.957,           0.017,           0.440
        7272.388,         623.547,         202.650,          42.633,         193.504,           0.000,         320.836,           1.618,           0.000,        6484.308,           0.140,           0.505
        7296.795,         623.893,         203.300,          42.722,         193.586,           0.000,         321.729,           1.124,           0.000,        6483.600,           0.035,           0.467
        7320.580,         630.015,         203.837,          42.780,         193.588,           0.000,         322.629,           1.804,           0.000,        6487.248,           0.183,           0.543
        7344.350,         645.910,         204.367,          42.846,         193.588,           0.000,         324.212,           1.806,           0.000,        6500.163,           0.487,           0.813
        7368.268,         647.651,         204.874,          42.911,         193.588,           0.000,         325.914,           1.433,           0.000,        6500.509,           0.148,           0.648
        7392.268,         647.762,         205.267,          42.968,         193.627,           0.000,         327.160,           1.132,           0.000,        6499.366,           0.048,           0.588
        7416.268,         653.010,         205.726,          43.023,         193.629,           0.000,         328.382,           1.703,           0.000,        6502.035,           0.227,           0.645
        7440.304,         667.961,         206.219,          43.091,         193.629,           0.000,         330.471,           1.805,           0.000,        6513.367,           0.661,           0.939
        7464.597,         669.056,         206.616,          43.147,         193.629,           0.000,         332.538,           1.501,           0.000,        6512.969,           0.181,           0.704
        7488.597,         677.667,         207.036,          43.208,         193.629,           0.000,         334.426,           1.752,           0.000,        6518.398,           0.541,           0.854
        7512.597,         685.163,         207.438,          43.268,         193.629,           0.000,         336.758,           1.676,           0.000,        6523.051,           0.593,           0.885
        7536.597,         687.954,         207.874,          43.333,         193.629,           0.000,         338.840,           1.653,           0.000,        6523.631,           0.352,           0.774
        7560.519,         699.984,         208.289,          43.398,         193.629,           0.000,         341.441,           1.849,           0.000,        6531.381,           1.006,           1.052
        7584.252,         714.245,         208.697,          43.466,         193.629,           0.000,         345.460,           1.849,           0.000,        6540.496,           1.393,           1.241
        7608.884,         723.898,         209.102,          43.537,         193.629,           0.000,         349.706,           1.725,           0.000,        6545.792,           1.178,           1.172
        7632.884,         729.525,         209.503,          43.607,         193.629,           0.000,         353.229,           1.580,           0.000,        6547.949,           0.896,           1.054
        7656.884,         730.407,         209.894,          43.670,         193.630,           0.000,         355.807,           1.424,           0.000,        6546.764,           0.293,           0.852
        7680.884,         730.876,         210.233,          43.719,         193.637,           0.000,         357.795,           1.365,           0.000,        6545.125,           0.144,           0.795
        7704.884,         732.570,         210.563,          43.759,         193.638,           0.000,         359.657,           1.428,           0.000,        6544.466,           0.210,           0.786
        7728.884,         732.619,         210.825,          43.801,         193.654,           0.000,         361.448,           1.198,           0.000,        6542.799,           0.098,           0.747
        7752.884,         732.759,         211.041,          43.846,         193.702,           0.000,         363.122,           1.095,           0.000,        6541.133,           0.063,           0.720
        7776.884,         736.682,         211.373,          43.885,         193.704,           0.000,         364.801,           1.662,           0.000,        6542.106,           0.339,           0.757
        7800.688,         743.926,         211.714,          43.937,         193.704,           0.000,         366.914,           1.817,           0.000,        6545.872,           0.919,           0.952
        7824.725,         757.875,         212.050,          43.996,         193.704,           0.000,         371.269,           1.736,           0.000,        6553.741,           1.800,           1.405
        7848.289,         761.732,         212.364,          44.053,         193.704,           0.000,         375.214,           1.619,           0.000,        6554.693,           0.889,           1.012
        7872.289,         768.530,         212.667,          44.109,         193.704,           0.000,         378.687,           1.678,           0.000,        6557.111,           1.226,           1.137
        7896.289,         768.625,         212.925,          44.164,         193.711,           0.000,         381.503,           1.267,           0.000,        6555.711,           0.304,           0.838
        7920.289,         768.641,         213.155,          44.222,         193.746,           0.000,         383.480,           1.051,           0.000,        6553.886,           0.136,           0.781
        7944.289,         769.974,         213.437,          44.262,         193.757,           0.000,         385.316,           1.423,           0.000,        6552.683,           0.160,           0.763
        7968.289,         772.167,         213.763,          44.303,         193.757,           0.000,         387.140,           1.473,           0.000,        6552.493,           0.284,           0.775
        7992.289,         772.252,         214.010,          44.346,         193.771,           0.000,         388.930,           1.252,           0.000,        6550.915,           0.128,           0.736
        8016.289,         779.250,         214.308,          44.390,         193.771,           0.000,         390.948,           1.709,           0.000,        6554.042,           0.944,           0.935
        8040.289,         783.728,         214.740,          44.461,         193.771,           0.000,         393.676,           1.604,           0.000,        6555.450,           0.854,           0.946
        8064.289,         785.307,         215.155,          44.530,         193.771,           0.000,         396.052,           1.431,           0.000,        6554.909,           0.423,           0.814
        8088.289,         786.046,         215.552,          44.587,         193.772,           0.000,         397.953,           1.433,           0.000,        6553.585,           0.203,           0.752
        8112.289,         792.567,         215.935,          44.648,         193.772,           0.000,         400.193,           1.668,           0.000,        6556.060,           1.053,           0.992
        8136.289,         792.623,         216.255,          44.721,         193.786,           0.000,         402.601,           1.184,           0.000,        6554.802,           0.273,           0.771
        8160.289,         793.177,         216.562,          44.779,         193.808,           0.000,         404.382,           1.327,           0.000,        6553.237,           0.138,           0.726
        8184.289,         793.490,         216.858,          44.822,         193.826,           0.000,         406.040,           1.284,           0.000,        6551.666,           0.094,           0.702
        8208.289,         793.880,         217.129,          44.857,         193.842,           0.000,         407.628,           1.329,           0.000,        6550.153,           0.076,           0.684
        8232.289,         793.880,         217.378,          44.896,         193.876,           0.000,         409.155,           1.080,           0.000,        6548.606,           0.058,           0.666
        8256.289,         793.880,         217.553,          44.933,         193.934,           0.000,         410.630,           0.906,           0.000,        6547.079,           0.048,           0.651
        8280.289,         793.966,         217.699,          44.970,         194.011,           0.000,         412.058,           0.831,           0.000,        6545.588,           0.041,           0.638
        8304.289,         796.456,         217.978,          45.001,         194.026,           0.000,         413.476,           1.498,           0.000,        6545.552,           0.130,           0.655
        8328.289,         797.033,         218.290,          45.035,         194.029,           0.000,         414.914,           1.451,           0.000,        6544.454,           0.091,           0.642
        8352.896,         806.926,         218.642,          45.081,         194.029,           0.000,         416.711,           1.759,           0.000,        6550.558,           1.021,           0.909
        8376.896,         814.463,         218.992,          45.138,         194.029,           0.000,         419.688,           1.602,           0.000,        6554.448,           1.234,           1.069
        8400.896,         814.732,         219.317,          45.199,         194.035,           0.000,         422.225,           1.325,           0.000,        6553.300,           0.317,           0.769
        8424.896,         814.733,         219.569,          45.255,         194.065,           0.000,         423.963,           1.074,           0.000,        6551.735,           0.140,           0.709
        8448.896,         814.735,         219.755,          45.308,         194.125,           0.000,         425.549,           0.890,           0.000,        6550.141,           0.084,           0.681
        8472.896,         814.875,         219.908,          45.359,         194.208,           0.000,         427.055,           0.853,           0.000,        6548.590,           0.061,           0.661
        8496.475,         817.660,         220.177,          45.391,         194.220,           0.000,         428.513,           1.763,           0.000,        6548.538,           0.196,           0.676
        8520.402,         838.849,         220.543,          45.452,         194.220,           0.000,         432.815,           1.795,           0.000,        6561.228,           2.677,           1.776
        8544.928,         839.181,         220.926,          45.534,         194.227,           0.000,         437.301,           1.343,           0.000,        6560.172,           0.475,           0.875
        8568.928,         841.225,         221.348,          45.600,         194.227,           0.000,         439.446,           1.434,           0.000,        6559.588,           0.437,           0.823
        8592.928,         841.813,         221.776,          45.666,         194.233,           0.000,         441.373,           1.447,           0.000,        6558.066,           0.188,           0.760
        8616.928,         847.030,         222.197,          45.731,         194.233,           0.000,         443.391,           1.737,           0.000,        6559.620,           0.884,           0.911
        8640.928,         856.543,         222.626,          45.809,         194.233,           0.000,         447.197,           1.616,           0.000,        6563.673,           1.702,           1.308
        8664.928,         857.105,         223.024,          45.899,         194.244,           0.000,         450.381,           1.456,           0.000,        6562.491,           0.409,           0.837
        8688.928,         865.765,         223.415,          45.970,         194.244,           0.000,         453.505,           1.727,           0.000,        6565.628,           1.612,           1.258
        8712.423,         872.380,         223.814,          46.047,         194.244,           0.000,         457.652,           1.861,           0.000,        6567.621,           1.500,           1.207
        8736.181,         894.843,         224.218,          46.128,         194.244,           0.000,         466.785,           1.931,           0.000,        6577.041,           3.660,           2.312
        8760.181,         908.183,         224.575,          46.201,         194.244,           0.000,         476.744,           1.862,           0.000,        6581.223,           2.839,           1.927
