 Sample Potential Evaporation Data. Daily Values with units of mm/day
    0.36
    0.37
    0.46
    0.48
    0.51
    0.52
    0.50
    0.46
    0.44
    0.46
    0.43
    0.45
    0.42
    0.44
    0.49
    0.50
    0.49
    0.45
    0.44
    0.48
    0.51
    0.51
    0.54
    0.53
    0.50
    0.48
    0.48
    0.52
    0.58
    0.63
    0.55
    0.37
    0.39
    0.42
    0.47
    0.48
    0.48
    0.54
    0.60
    0.67
    0.61
    0.63
    0.60
    0.62
    0.64
    0.65
    0.59
    0.68
    0.66
    0.61
    0.59
    0.65
    0.69
    0.68
    0.66
    0.64
    0.62
    0.61
    0.65
    0.72
    1.19
    1.09
    0.94
    0.99
    1.00
    1.09
    1.11
    1.14
    1.14
    1.06
    1.18
    1.27
    1.10
    1.03
    1.02
    1.06
    1.03
    1.03
    0.93
    0.94
    0.95
    1.03
    1.06
    1.27
    1.36
    1.39
    1.45
    1.26
    1.28
    1.40
    1.40
    1.99
    1.91
    1.81
    1.87
    2.00
    2.02
    1.95
    1.79
    1.81
    1.99
    2.14
    2.24
    2.58
    2.55
    2.43
    2.83
    2.26
    2.66
    2.21
    1.84
    2.10
    2.14
    2.37
    2.18
    2.03
    1.93
    2.18
    2.20
    2.21
    2.11
    2.54
    2.65
    2.60
    2.49
    2.57
    2.38
    2.50
    2.50
    2.59
    2.90
    3.00
    3.12
    3.20
    3.13
    3.13
    3.28
    3.29
    3.40
    3.62
    3.36
    3.05
    3.03
    3.07
    3.26
    3.36
    3.42
    3.46
    3.24
    3.00
    2.98
    3.07
    2.75
    2.85
    3.45
    3.66
    3.65
    3.16
    2.90
    2.96
    2.91
    2.94
    2.79
    2.85
    2.75
    2.99
    3.20
    3.01
    3.03
    3.15
    3.00
    2.71
    2.79
    2.75
    2.74
    2.76
    2.68
    2.63
    2.77
    2.76
    2.77
    2.65
    2.58
    2.81
    2.93
    3.01
    2.92
    2.82
    2.86
    2.76
    2.71
    2.70
    2.66
    2.80
    2.74
    2.72
    2.59
    2.64
    2.62
    2.96
    3.06
    2.65
    2.67
    2.99
    3.22
    3.05
    3.14
    3.25
    3.31
    3.31
    3.05
    3.26
    3.05
    2.86
    2.77
    3.01
    2.99
    2.89
    2.56
    2.63
    2.52
    2.41
    2.72
    2.68
    2.42
    2.67
    2.95
    2.78
    2.88
    2.68
    2.69
    2.60
    2.67
    2.38
    2.21
    2.18
    2.27
    2.30
    2.42
    2.41
    2.63
    2.33
    2.29
    2.25
    2.48
    2.71
    2.65
    2.55
    2.35
    2.49
    2.54
    2.49
    2.16
    2.24
    2.15
    2.19
    2.11
    2.20
    2.17
    2.32
    2.09
    2.11
    2.33
    2.13
    2.33
    2.21
    2.08
    2.02
    1.89
    2.00
    2.03
    1.87
    1.75
    1.81
    1.64
    1.61
    1.56
    1.51
    1.37
    1.51
    1.29
    1.32
    1.31
    1.21
    1.31
    1.27
    1.23
    1.31
    1.20
    1.11
    1.12
    1.06
    1.01
    1.02
    1.19
    1.34
    1.25
    1.17
    1.07
    1.26
    1.36
    1.34
    1.19
    0.97
    0.98
    0.99
    0.95
    0.85
    0.91
    0.93
    0.93
    0.93
    0.94
    0.90
    0.87
    0.90
    0.86
    0.89
    1.05
    1.09
    1.20
    1.18
    0.94
    1.00
    1.02
    1.17
    1.19
    1.18
    1.15
    0.92
    0.76
    0.76
    0.68
    0.67
    0.70
    0.64
    0.68
    0.68
    0.76
    0.81
    0.66
    0.61
    0.60
    0.71
    0.93
    0.94
    0.93
    1.01
    0.92
    0.73
    0.78
    0.83
    0.72
    0.61
    0.66
    0.75
    0.89
    1.00
    0.96
    0.79
    0.67
    0.72
    0.80
    0.92
    0.97
    0.36
    0.37
    0.46
    0.48
    0.51
    0.52
    0.50
    0.46
    0.44
    0.46
    0.43
    0.45
    0.42
    0.44
    0.49
    0.50
    0.49
    0.45
    0.44
    0.48
    0.51
    0.51
    0.54
    0.53
    0.50
    0.48
    0.48
    0.52
    0.58
    0.63
    0.55
    0.37
    0.39
    0.42
    0.47
    0.48
    0.48
    0.54
    0.60
    0.67
    0.61
    0.63
    0.60
    0.62
    0.64
    0.65
    0.59
    0.68
    0.66
    0.61
    0.59
    0.65
    0.69
    0.68
    0.66
    0.64
    0.62
    0.61
    0.65
    0.72
    1.19
    1.09
    0.94
    0.99
    1.00
    1.09
    1.11
    1.14
    1.14
    1.06
    1.18
    1.27
    1.10
    1.03
    1.02
    1.06
    1.03
    1.03
    0.93
    0.94
    0.95
    1.03
    1.06
    1.27
    1.36
    1.39
    1.45
    1.26
    1.28
    1.40
    1.40
    1.99
    1.91
    1.81
    1.87
    2.00
    2.02
    1.95
    1.79
    1.81
    1.99
    2.14
    2.24
    2.58
    2.55
    2.43
    2.83
    2.26
    2.66
    2.21
    1.84
    2.10
    2.14
    2.37
    2.18
    2.03
    1.93
    2.18
    2.20
    2.21
    2.11
    2.54
    2.65
    2.60
    2.49
    2.57
    2.38
    2.50
    2.50
    2.59
    2.90
    3.00
    3.12
    3.20
    3.13
    3.13
    3.28
    3.29
    3.40
    3.62
    3.36
    3.05
    3.03
    3.07
    3.26
    3.36
    3.42
    3.46
    3.24
    3.00
    2.98
    3.07
    2.75
    2.85
    3.45
    3.66
    3.65
    3.16
    2.90
    2.96
    2.91
    2.94
    2.79
    2.85
    2.75
    2.99
    3.20
    3.01
    3.03
    3.15
    3.00
    2.71
    2.79
    2.75
    2.74
    2.76
    2.68
    2.63
    2.77
    2.76
    2.77
    2.65
    2.58
    2.81
    2.93
    3.01
    2.92
    2.82
    2.86
    2.76
    2.71
    2.70
    2.66
    2.80
    2.74
    2.72
    2.59
    2.64
    2.62
    2.96
    3.06
    2.65
    2.67
    2.99
    3.22
    3.05
    3.14
    3.25
    3.31
    3.31
    3.05
    3.26
    3.05
    2.86
    2.77
    3.01
    2.99
    2.89
    2.56
    2.63
    2.52
    2.41
    2.72
    2.68
    2.42
    2.67
    2.95
    2.78
    2.88
    2.68
    2.69
    2.60
    2.67
    2.38
    2.21
    2.18
    2.27
    2.30
    2.42
    2.41
    2.63
    2.33
    2.29
    2.25
    2.48
    2.71
    2.65
    2.55
    2.35
    2.49
    2.54
    2.49
    2.16
    2.24
    2.15
    2.19
    2.11
    2.20
    2.17
    2.32
    2.09
    2.11
    2.33
    2.13
    2.33
    2.21
    2.08
    2.02
    1.89
    2.00
    2.03
    1.87
    1.75
    1.81
    1.64
    1.61
    1.56
    1.51
    1.37
    1.51
    1.29
    1.32
    1.31
    1.21
    1.31
    1.27
    1.23
    1.31
    1.20
    1.11
    1.12
    1.06
    1.01
    1.02
    1.19
    1.34
    1.25
    1.17
    1.07
    1.26
    1.36
    1.34
    1.19
    0.97
    0.98
    0.99
    0.95
    0.85
    0.91
    0.93
    0.93
    0.93
    0.94
    0.90
    0.87
    0.90
    0.86
    0.89
    1.05
    1.09
    1.20
    1.18
    0.94
    1.00
    1.02
    1.17
    1.19
    1.18
    1.15
    0.92
    0.76
    0.76
    0.68
    0.67
    0.70
    0.64
    0.68
    0.68
    0.76
    0.81
    0.66
    0.61
    0.60
    0.71
    0.93
    0.94
    0.93
    1.01
    0.92
    0.73
    0.78
    0.83
    0.72
    0.61
    0.66
    0.75
    0.89
    1.00
    0.96
    0.79
    0.67
    0.72
    0.80
    0.92
    0.97
