discharge at the outlet - regular timestep    1.00 hours
          1.28328505
          1.27033860
          1.21408999
          1.16246941
          1.11520610
          1.07190119
          1.03218564
          0.99570278
          0.96214899
          0.93128011
          0.90285173
          0.87664531
          0.85246206
          0.83013021
          0.81056109
          0.79702134
          0.78822656
          0.78198728
          0.77501081
          0.76795770
          0.75951511
          0.74935046
          0.73793691
          0.72601446
          0.71414201
          0.70266429
          0.69175779
          0.68149825
          0.67189590
          0.66290522
          0.65446451
          0.64653595
          0.63907673
          0.63205156
          0.62542545
          0.61918572
          0.61329772
          0.60772890
          0.60245204
          0.59745171
          0.59271420
          0.58822382
          0.58396659
          0.57992671
          0.57608376
          0.57242140
          0.56893548
          0.56561341
          0.56251676
          0.56051498
          0.56025958
          0.56094788
          0.57489867
          0.60063156
          0.62777910
          0.65066571
          0.66807128
          0.67881718
          0.68118360
          0.67796006
          0.67188308
          0.66448766
          0.65663077
          0.64877134
          0.64113353
          0.63379400
          0.62676929
          0.62005954
          0.61365780
          0.60755277
          0.60172816
          0.59616363
          0.59620220
          0.61863467
          0.70902170
          1.14059632
          3.00311541
          7.25567687
          9.09422630
          8.50425897
          7.63789393
          7.01556016
          6.60721580
          5.99272458
          5.31411729
          4.71032354
          4.18312359
          3.72633490
          3.32556710
          3.01497563
          2.72226332
          2.47585670
          2.27417865
          2.09441977
          1.93494635
          1.79413772
          1.67457053
          1.56890152
          1.47887159
          1.45344288
          1.46300952
          1.54057841
          1.66584490
          1.78250009
          1.86596489
          1.94385554
          2.04326200
          2.18150760
          2.34950436
          2.47168034
          2.50871098
          2.47284814
          2.39984435
          2.30866573
          2.20842704
          2.10130851
          1.99067403
          1.87788130
          1.76818990
          1.66533892
          1.57889345
          1.51939571
          1.47624107
          1.45777066
          1.49925465
          1.59382451
          1.68056223
          1.71723055
          1.70187686
          1.65573258
          1.59966887
          1.53949011
          1.48002926
          1.42921007
          1.39263535
          1.39060308
          1.46881563
          1.81613344
          2.28919621
          2.55328303
          2.58670195
          2.48871350
          2.34784833
          2.19509876
          2.04144962
          1.91705248
          1.78112212
          1.67804318
          1.58287719
          1.49238360
          1.41053981
          1.36292660
          1.32415415
          1.34682582
          1.42511599
          1.67100490
          2.07048218
          2.46871235
          2.87967860
          3.39721140
          3.95079947
          4.74399932
          6.44493233
          7.05387412
          6.40858390
          5.69306668
          5.05616194
          4.49822204
          4.00695410
          3.59675874
          3.24212995
          2.94300304
          2.66914839
          2.44734031
          2.24123142
          2.07776336
          1.92379198
          1.78091519
          1.66610381
          1.56374230
          1.47378153
          1.39366045
          1.32198940
          1.25770421
          1.19992851
          1.14789686
          1.10088970
          1.05833468
          1.01975325
          0.98469955
          0.95280778
          0.92373856
          0.89719750
          0.87291824
          0.85066891
          0.83027265
          0.81155891
          0.79434663
          0.77849025
          0.76385824
          0.75032511
          0.73777755
          0.72612655
          0.71531192
          0.70524994
          0.69585943
          0.68708347
          0.67887192
          0.67116974
          0.66393692
          0.65714353
          0.65075399
          0.64473747
          0.63906428
          0.63370879
          0.62865320
          0.62386142
          0.61931506
          0.61499496
          0.61088558
          0.60697502
          0.60325302
          0.59970613
          0.59632130
          0.59308421
          0.58998775
          0.58702932
          0.58420253
          0.58149697
          0.57890312
          0.57640628
          0.57399355
          0.57166815
          0.56942151
          0.56724821
          0.56514542
          0.56310964
          0.56113500
          0.55921863
          0.55735742
          0.55635325
          0.55963393
          0.57701345
          0.60442490
          0.67737819
          0.89587568
          1.37587481
          1.87882167
          2.19556203
          2.68252643
          3.30160579
          3.50898418
          3.39046459
          3.16038586
          2.90346953
          2.67028546
          2.45322549
          2.25862428
          2.10335863
          1.93732375
          1.81438326
          1.70102820
          1.60075070
          1.51589838
          1.44028915
          1.36940020
          1.30306066
          1.24171643
          1.19150416
          1.16404636
          1.13956220
          1.11531031
          1.08653637
          1.05381004
          1.01950246
          0.98569033
          0.95358303
          0.92367470
          0.89605415
          0.87061776
          0.84720854
          0.82560814
          0.80567034
          0.78727260
          0.77028328
          0.75456729
          0.73999861
          0.72647722
          0.71390916
          0.70222624
          0.69135064
          0.68120057
          0.67171441
          0.66286355
          0.65458311
          0.64682253
          0.63952967
          0.63267042
          0.62620947
          0.62011393
          0.61435906
          0.60891934
          0.60377651
          0.59890665
          0.59428912
          0.58991378
          0.58575904
          0.58181447
          0.57806513
          0.57449285
          0.57108765
          0.56783534
          0.56471686
          0.56172403
          0.55885331
          0.55609980
          0.55345622
          0.55091436
          0.54846786
          0.54611978
          0.54386491
          0.54169445
          0.53960451
          0.53757799
          0.53561382
          0.53371078
          0.53186508
          0.53006890
          0.52832016
          0.52662075
          0.52497540
          0.52338038
          0.52182604
          0.52030556
          0.51881508
          0.51735265
          0.51592741
          0.51453597
          0.51317272
          0.51183908
          0.51053563
          0.50925941
          0.50800780
          0.50678018
          0.50557431
          0.50439037
          0.50322997
          0.50288472
          0.50503528
          0.50809949
          0.51196156
          0.51088521
          0.50933845
          0.50771446
          0.50614671
          0.50469861
          0.50337871
          0.50216412
          0.50102112
          0.49992213
          0.49885258
          0.49780788
          0.49678423
          0.49577791
          0.49478502
          0.49380202
          0.49282743
          0.49186066
          0.49089905
          0.49073121
          0.49223225
          0.49133581
          0.49014693
          0.49118193
          0.52540691
          0.56606456
          0.63075531
          0.70400393
          0.74687061
          0.78583365
          0.84102219
          0.93992808
          1.13058203
          1.37173904
          1.59448262
          1.97442549
          2.39570690
          2.59016911
          2.56262461
          2.41816279
          2.24738402
          2.08328804
          1.91697132
          1.78564766
          1.66969665
          1.55022623
          1.45893896
          1.37632363
          1.30190786
          1.23568887
          1.17571943
          1.12210670
          1.07754929
          1.04302318
          1.01408057
          0.99108949
          0.97422852
          0.95712309
          0.93866279
          0.91713622
          0.89293621
          0.86750103
          0.84221839
          0.82100990
          0.80485985
          0.78917414
          0.77406840
          0.75858607
          0.74271407
          0.72688480
          0.71152688
          0.69692510
          0.68321072
          0.67039422
          0.65842833
          0.64781848
          0.64585197
          0.66172049
          0.73149232
          0.97018241
          1.57183381
          2.19792528
          2.63450736
          2.82999539
          2.95020532
          3.30378795
          3.77265072
          4.16548465
          4.48009825
          4.61014182
          4.44157109
          4.15687736
          3.78921089
          3.44220744
          3.13404862
          2.85153825
          2.59917960
          2.37926542
          2.19099165
          2.02511015
          1.87848079
          1.74849963
          1.63294304
          1.52992394
          1.43786566
          1.35543556
          1.28147442
          1.21496984
          1.15504494
          1.10092688
          1.05198391
          1.00764078
          0.96737665
          0.93077226
          0.89745226
          0.86706634
          0.83932840
          0.81397006
          0.79075049
          0.76944804
          0.74990368
          0.73900231
          0.74191814
          0.76629734
          0.89675363
          1.53079146
          3.80013032
          6.99392704
          8.92319196
          9.46305574
          9.22699978
          8.39163077
          7.44330514
          6.53788441
          5.75273220
          5.01385246
          4.45871009
          3.92843367
          3.53281219
          3.17622197
          2.84187341
          2.58590382
          2.36210983
          2.17357465
          2.01831614
          1.87967490
          1.75476028
          1.64122453
          1.53855573
          1.44637935
          1.36397427
          1.29030807
          1.22432402
          1.16508240
          1.11178734
          1.06375565
          1.02037930
          0.98111268
          0.94547440
          0.91307381
          0.88358735
          0.85668843
          0.83209344
          0.80956112
          0.78889465
          0.76993109
          0.75252750
          0.73651497
          0.72173944
          0.70808189
          0.69543493
          0.68371445
          0.67285288
          0.66275891
          0.65335550
          0.64457542
          0.63636464
          0.62867326
          0.62255006
          0.61847806
          0.61318177
          0.60944853
          0.60418840
          0.59977984
          0.59780851
          0.59446557
          0.59162033
          0.58890743
          0.58599630
          0.58278181
          0.57931700
          0.57571853
          0.57210159
          0.56854316
          0.56508879
          0.56176509
          0.55857063
          0.55549992
          0.55254623
          0.54970266
          0.54695839
          0.54430434
          0.54174657
          0.53927814
          0.53689060
          0.53457512
          0.53233089
          0.53015906
          0.52805588
          0.52601726
          0.52403955
          0.52212693
          0.52027272
          0.51846996
          0.51671285
          0.51499802
          0.51332473
          0.51169001
          0.51009313
          0.50853735
          0.50702602
          0.50555240
          0.50411376
          0.50270798
          0.50133039
          0.49997372
          0.49863364
          0.49731295
          0.49601408
          0.49474052
          0.49349125
          0.49226532
          0.49106057
          0.48987322
          0.48870476
          0.48755583
          0.48736989
          0.48854511
          0.48746332
          0.48610756
          0.48467961
          0.48328112
          0.48197379
          0.48077584
          0.47967232
          0.47863582
          0.47764223
          0.47667809
          0.47573380
          0.47480037
          0.47387289
          0.47295244
          0.47203817
          0.47112743
          0.47021867
          0.46931462
          0.46841896
          0.46753239
          0.46665347
          0.46578013
          0.46491273
          0.46405294
          0.46320028
          0.46235199
          0.46150721
          0.46066976
          0.45984017
          0.45901738
          0.45820085
          0.45739063
          0.45658680
          0.45578889
          0.45499574
          0.45420502
          0.45341410
          0.45262483
          0.45183941
          0.45105844
          0.45028168
          0.44950882
          0.44873929
          0.44797229
          0.44720620
          0.44643872
          0.44567379
          0.44491271
          0.44415602
          0.44340598
          0.44266400
          0.44192923
          0.44119994
          0.44047366
          0.43975314
          0.43903803
          0.43832759
          0.43762136
          0.43691796
          0.43621710
          0.43551540
          0.43481335
          0.43411138
          0.43341264
          0.43271811
          0.43202808
          0.43134311
          0.43066368
          0.42998870
          0.42931557
          0.42864326
          0.42797326
          0.42819266
          0.42967543
          0.42901697
          0.42808409
          0.42706307
          0.42604836
          0.42510300
          0.42425243
          0.42348879
          0.42278961
          0.42213270
          0.42149953
          0.42087429
          0.42025567
          0.41963940
          0.41902126
          0.41840855
          0.41779849
          0.41719158
          0.41658831
          0.41598820
          0.41538973
          0.41479111
          0.41419121
          0.41359292
          0.41299626
          0.41240144
          0.41180962
          0.41122150
          0.41063720
          0.41005623
          0.40947679
          0.40889836
          0.40832066
          0.40774327
          0.40716735
          0.40658529
          0.40600281
          0.40542374
          0.40484828
          0.40427592
          0.40370640
          0.40313813
          0.40256926
          0.40372766
          0.40734707
          0.40680246
          0.40570290
          0.40441505
          0.40312667
          0.40196630
          0.40099011
          0.40018785
          0.39951584
          0.39893151
          0.39839941
          0.39789313
          0.39739617
          0.39690514
          0.39641373
          0.39591461
          0.39541044
          0.39490551
          0.39440128
          0.39389812
          0.39339399
          0.39288822
          0.39238114
          0.39187360
          0.39136730
          0.39086178
          0.39035702
          0.38985225
          0.38934824
          0.38884595
          0.38834460
          0.38784372
          0.38734246
          0.38683984
          0.38633872
          0.38584003
          0.38534188
          0.38484356
          0.38434387
          0.38384003
          0.38333421
          0.38282898
          0.38232468
          0.38182056
          0.38131911
          0.38082116
          0.38032618
          0.37983319
          0.37934181
          0.37885177
          0.37836213
          0.37787165
          0.37738429
          0.37690035
          0.37641904
          0.37593867
          0.37545655
          0.37497511
          0.37449552
          0.37401809
          0.37354385
          0.37307356
          0.37260512
          0.37213377
          0.37166109
          0.37118892
          0.37071799
          0.37024882
          0.37216191
          0.38324603
          0.38446820
          0.38327248
          0.38117013
          0.37869708
          0.37633367
          0.37479519
          0.37377706
          0.37326511
          0.37538524
          0.37521888
          0.37482109
          0.37709418
          0.38715155
          0.41156440
          0.43922882
          0.46543457
          0.48511199
          0.49340948
          0.49275807
          0.48716395
          0.48086892
          0.47382045
          0.46791370
          0.46202338
          0.45634261
          0.45157859
          0.44714745
          0.44309068
          0.43930412
          0.43573461
          0.43234709
          0.42911358
          0.42601832
          0.42305732
          0.42022974
          0.41753091
          0.41496095
          0.41251237
          0.41018164
          0.40796475
          0.40584796
          0.40381522
          0.40186205
          0.39998445
          0.39817568
          0.39642471
          0.39472224
          0.39307037
          0.39147475
          0.38993427
          0.38844656
          0.38700897
          0.38561875
          0.38427289
          0.38296958
          0.38170758
          0.38048400
          0.37929453
          0.37813744
          0.37700980
          0.37591112
          0.37484593
          0.37381433
          0.37281328
          0.37184101
          0.37089182
          0.36996244
          0.36905252
          0.36816329
          0.36729462
          0.36644724
          0.36562209
          0.36481899
          0.36403664
          0.36327275
          0.36252502
          0.36179356
          0.36108051
          0.36038624
          0.35970876
          0.35904687
          0.35839932
          0.35776420
          0.35713816
          0.35651862
          0.35590796
          0.35530547
          0.35471144
          0.35412933
          0.35355126
          0.35297372
          0.35240222
          0.35183830
          0.35128099
          0.35072597
          0.35017493
          0.34963614
          0.34910986
          0.34859283
          0.34808327
          0.34758051
          0.34708204
          0.34658630
          0.34609811
          0.34561589
          0.34513619
          0.34465841
          0.34418660
          0.34371947
          0.34325607
          0.34279601
          0.34233955
          0.34188496
          0.34142747
          0.34096654
          0.34050534
          0.34004816
          0.33959430
          0.33914290
          0.33869776
          0.33826031
          0.33782817
          0.33739904
          0.33697448
          0.33655288
          0.33613506
          0.33571901
          0.33530430
          0.33583847
          0.34012359
          0.34819610
          0.37768063
          0.45990627
          0.72142045
          1.66308897
          2.73445772
          3.00340864
