 Output at end of simulation for use as initial conditions in vsi file
 This output is by element number
 
 phreatic surface level 
   360.004   376.002   320.005   358.002   301.007   299.005   282.003   287.006   289.004   280.003
   277.003   275.007   275.004   277.002   256.006   271.003   272.003   273.002   267.002   247.005
   260.005   254.009   253.005   263.003   252.002   236.006   251.006   247.010   245.006   258.003
   254.002   231.004   251.003   250.007   249.006   244.005   238.003   254.002   250.003   219.004
   233.002   249.005   246.003   236.003   224.003   228.003   225.004   208.004   227.001   248.005
   236.004   226.003   210.004   213.002   202.004   198.003   216.001   233.002   222.003   202.003
   194.003   185.003   189.003   196.001   207.001   227.009   224.003   216.004   215.003   204.003
   179.002   177.002   186.002   196.002   231.006   230.004   221.004   220.003   208.003   190.003
   160.006   165.003   175.002   180.002   226.003   204.007   202.005   201.004   195.002   180.001
   159.001   160.001   174.001   190.002   208.005   200.006   198.008   195.005   184.008   175.011
   169.004   166.003   163.003   176.000   194.001   200.004   207.007   199.009   200.002   192.003
   178.007   175.005   174.001   178.001   176.001   159.002   167.000   200.004   199.002   182.004
   175.007   176.003   175.001   174.002   177.001   158.001   155.001   189.008   185.005   177.005
   174.003   169.002   162.002   178.000   160.000   141.001   146.001   175.001   169.001   155.002
   167.001   159.001   140.000   126.001   123.001   171.001   152.002   150.002   151.001   143.000
   119.001   117.000   115.000   154.001   147.001   136.002   132.000   120.000   140.000   115.001
   155.002   151.002   147.001   151.000   157.996   161.000   166.001   160.001   170.001   175.001
   175.001   178.001   182.001   176.002   186.002   196.003
 
 Heads at end of simulation
    133
     5.499     4.499     3.500     2.900     2.701     2.501     2.301     2.101     1.901     1.702
     1.502     1.302     1.103     0.953     0.853     0.753     0.653     0.553     0.454     0.354
     0.254     0.154     0.054
    134
     5.494     4.495     3.496     2.897     2.697     2.497     2.297     2.098     1.898     1.698
     1.499     1.299     1.100     0.950     0.850     0.750     0.650     0.551     0.451     0.351
     0.251     0.152     0.052
    135
     5.499     4.499     3.500     2.901     2.701     2.501     2.301     2.102     1.902     1.702
     1.502     1.303     1.103     0.953     0.853     0.753     0.654     0.554     0.454     0.354
     0.254     0.154     0.055
    136
     5.491     4.492     3.493     2.894     2.695     2.495     2.296     2.096     1.896     1.697
     1.497     1.298     1.098     0.949     0.849     0.749     0.649     0.550     0.450     0.350
     0.251     0.151     0.052
    137
     5.502     4.502     3.503     2.903     2.703     2.504     2.304     2.104     1.904     1.704
     1.505     1.305     1.105     0.955     0.855     0.756     0.656     0.556     0.456     0.356
     0.256     0.156     0.057
    138
     5.499     4.500     3.500     2.901     2.701     2.502     2.302     2.102     1.902     1.703
     1.503     1.303     1.103     0.954     0.854     0.754     0.654     0.554     0.454     0.354
     0.255     0.155     0.055
    139
     5.497     4.498     3.499     2.899     2.700     2.500     2.300     2.100     1.901     1.701
     1.501     1.301     1.102     0.952     0.852     0.752     0.652     0.552     0.453     0.353
     0.253     0.153     0.053
    140
     5.501     4.501     3.502     2.902     2.702     2.503     2.303     2.103     1.903     1.704
     1.504     1.304     1.104     0.955     0.855     0.755     0.655     0.555     0.455     0.355
     0.256     0.156     0.056
    141
     5.498     4.498     3.499     2.900     2.700     2.500     2.300     2.101     1.901     1.701
     1.502     1.302     1.102     0.952     0.852     0.753     0.653     0.553     0.453     0.353
     0.253     0.154     0.054
    142
     5.497     4.497     3.498     2.899     2.699     2.499     2.299     2.100     1.900     1.700
     1.500     1.301     1.101     0.951     0.851     0.752     0.652     0.552     0.452     0.352
     0.253     0.153     0.053
    143
     5.496     4.497     3.498     2.898     2.699     2.499     2.299     2.099     1.900     1.700
     1.500     1.301     1.101     0.951     0.851     0.751     0.652     0.552     0.452     0.352
     0.252     0.153     0.053
    144
     5.502     4.503     3.503     2.904     2.704     2.504     2.304     2.105     1.905     1.705
     1.505     1.305     1.106     0.956     0.856     0.756     0.656     0.556     0.456     0.357
     0.257     0.157     0.057
    145
     5.498     4.498     3.499     2.899     2.700     2.500     2.300     2.100     1.901     1.701
     1.501     1.301     1.102     0.952     0.852     0.752     0.652     0.553     0.453     0.353
     0.253     0.153     0.054
    146
     5.495     4.495     3.496     2.897     2.697     2.498     2.298     2.098     1.899     1.699
     1.499     1.300     1.100     0.950     0.850     0.751     0.651     0.551     0.451     0.351
     0.252     0.152     0.052
    147
     5.500     4.501     3.501     2.902     2.702     2.502     2.303     2.103     1.903     1.703
     1.504     1.304     1.104     0.954     0.854     0.755     0.655     0.555     0.455     0.355
     0.255     0.155     0.056
    148
     5.497     4.498     3.499     2.899     2.699     2.500     2.300     2.100     1.900     1.701
     1.501     1.301     1.102     0.952     0.852     0.752     0.652     0.552     0.453     0.353
     0.253     0.153     0.053
    149
     5.497     4.498     3.498     2.899     2.699     2.499     2.300     2.100     1.900     1.701
     1.501     1.301     1.101     0.952     0.852     0.752     0.652     0.552     0.452     0.353
     0.253     0.153     0.053
    150
     5.496     4.496     3.497     2.898     2.698     2.498     2.299     2.099     1.899     1.699
     1.500     1.300     1.100     0.951     0.851     0.751     0.651     0.551     0.451     0.352
     0.252     0.152     0.052
    151
     5.495     4.495     3.496     2.897     2.697     2.498     2.298     2.098     1.899     1.699
     1.499     1.300     1.100     0.950     0.850     0.751     0.651     0.551     0.451     0.351
     0.252     0.152     0.052
    152
     5.500     4.500     3.501     2.902     2.702     2.502     2.302     2.102     1.903     1.703
     1.503     1.303     1.104     0.954     0.854     0.754     0.654     0.554     0.455     0.355
     0.255     0.155     0.055
    153
     5.499     4.500     3.500     2.901     2.701     2.501     2.302     2.102     1.902     1.702
     1.503     1.303     1.103     0.953     0.853     0.754     0.654     0.554     0.454     0.354
     0.254     0.155     0.055
    154
     5.504     4.505     3.505     2.906     2.706     2.506     2.306     2.106     1.907     1.707
     1.507     1.307     1.107     0.958     0.858     0.758     0.658     0.558     0.458     0.358
     0.259     0.159     0.059
    155
     5.500     4.500     3.501     2.902     2.702     2.502     2.302     2.102     1.903     1.703
     1.503     1.303     1.104     0.954     0.854     0.754     0.654     0.554     0.455     0.355
     0.255     0.155     0.055
    156
     5.496     4.496     3.497     2.898     2.698     2.498     2.299     2.099     1.899     1.700
     1.500     1.300     1.101     0.951     0.851     0.751     0.651     0.551     0.452     0.352
     0.252     0.152     0.053
    157
     5.495     4.495     3.496     2.897     2.697     2.498     2.298     2.098     1.898     1.699
     1.499     1.300     1.100     0.950     0.850     0.750     0.651     0.551     0.451     0.351
     0.252     0.152     0.052
    158
     5.501     4.501     3.502     2.902     2.703     2.503     2.303     2.103     1.903     1.704
     1.504     1.304     1.104     0.955     0.855     0.755     0.655     0.555     0.455     0.355
     0.256     0.156     0.056
    159
     5.499     4.499     3.500     2.901     2.701     2.502     2.302     2.102     1.903     1.703
     1.503     1.304     1.104     0.954     0.854     0.755     0.655     0.555     0.455     0.355
     0.256     0.156     0.056
    160
     5.506     4.507     3.507     2.908     2.708     2.508     2.308     2.108     1.909     1.709
     1.509     1.309     1.109     0.959     0.860     0.760     0.660     0.560     0.460     0.360
     0.260     0.160     0.060
    161
     5.500     4.501     3.501     2.902     2.702     2.502     2.303     2.103     1.903     1.703
     1.504     1.304     1.104     0.954     0.854     0.755     0.655     0.555     0.455     0.355
     0.255     0.155     0.056
    162
     5.497     4.498     3.498     2.899     2.699     2.499     2.300     2.100     1.900     1.701
     1.501     1.301     1.101     0.952     0.852     0.752     0.652     0.552     0.452     0.353
     0.253     0.153     0.053
    163
     5.495     4.496     3.497     2.897     2.698     2.498     2.298     2.099     1.899     1.699
     1.500     1.300     1.100     0.950     0.851     0.751     0.651     0.551     0.451     0.352
     0.252     0.152     0.052
    164
     5.498     4.498     3.499     2.899     2.700     2.500     2.300     2.100     1.901     1.701
     1.501     1.301     1.102     0.952     0.852     0.752     0.652     0.553     0.453     0.353
     0.253     0.153     0.054
    165
     5.496     4.497     3.498     2.898     2.698     2.499     2.299     2.099     1.900     1.700
     1.500     1.300     1.101     0.951     0.851     0.751     0.651     0.552     0.452     0.352
     0.252     0.153     0.053
    166
     5.501     4.502     3.503     2.903     2.703     2.504     2.304     2.104     1.904     1.705
     1.505     1.305     1.105     0.956     0.856     0.756     0.656     0.556     0.456     0.357
     0.257     0.157     0.057
    167
     5.499     4.500     3.501     2.901     2.702     2.502     2.302     2.103     1.903     1.703
     1.503     1.304     1.104     0.954     0.855     0.755     0.655     0.555     0.455     0.356
     0.256     0.156     0.056
    168
     5.497     4.497     3.498     2.899     2.699     2.500     2.300     2.100     1.901     1.701
     1.501     1.302     1.102     0.952     0.852     0.753     0.653     0.553     0.453     0.354
     0.254     0.154     0.055
    169
     5.494     4.494     3.496     2.896     2.697     2.497     2.297     2.098     1.898     1.699
     1.499     1.299     1.100     0.950     0.850     0.751     0.651     0.551     0.451     0.352
     0.252     0.152     0.053
    170
     5.493     4.494     3.495     2.896     2.696     2.496     2.297     2.097     1.897     1.698
     1.498     1.299     1.099     0.949     0.850     0.750     0.650     0.550     0.451     0.351
     0.251     0.152     0.052
    171
     5.495     4.495     3.496     2.897     2.697     2.498     2.298     2.098     1.899     1.699
     1.500     1.300     1.100     0.951     0.851     0.751     0.651     0.551     0.452     0.352
     0.252     0.153     0.053
    172
     5.496     4.497     3.498     2.899     2.699     2.499     2.300     2.100     1.900     1.701
     1.501     1.301     1.102     0.952     0.852     0.752     0.652     0.553     0.453     0.353
     0.253     0.154     0.054
    173
     5.494     4.494     3.495     2.896     2.696     2.497     2.297     2.097     1.898     1.698
     1.499     1.299     1.099     0.950     0.850     0.750     0.650     0.550     0.451     0.351
     0.251     0.152     0.052
    174
     5.498     4.499     3.500     2.900     2.701     2.501     2.301     2.101     1.902     1.702
     1.502     1.303     1.103     0.953     0.853     0.754     0.654     0.554     0.454     0.354
     0.255     0.155     0.055
    175
     5.495     4.496     3.497     2.898     2.698     2.498     2.298     2.099     1.899     1.699
     1.500     1.300     1.101     0.951     0.851     0.751     0.652     0.552     0.452     0.352
     0.253     0.153     0.053
    176
     5.494     4.495     3.496     2.896     2.697     2.497     2.297     2.098     1.898     1.699
     1.499     1.299     1.100     0.950     0.850     0.750     0.651     0.551     0.451     0.351
     0.252     0.152     0.053
    177
     5.495     4.495     3.496     2.897     2.697     2.498     2.298     2.098     1.899     1.699
     1.499     1.300     1.100     0.951     0.851     0.751     0.651     0.551     0.452     0.352
     0.252     0.153     0.053
    178
     5.495     4.496     3.497     2.897     2.698     2.498     2.298     2.099     1.899     1.699
     1.500     1.300     1.101     0.951     0.851     0.751     0.651     0.552     0.452     0.352
     0.253     0.153     0.053
    179
     5.496     4.496     3.497     2.898     2.698     2.498     2.299     2.099     1.900     1.700
     1.500     1.301     1.101     0.951     0.851     0.752     0.652     0.552     0.452     0.353
     0.253     0.153     0.054
    180
     5.496     4.497     3.498     2.899     2.699     2.499     2.299     2.100     1.900     1.700
     1.501     1.301     1.102     0.952     0.852     0.752     0.652     0.553     0.453     0.353
     0.253     0.154     0.054
    181
     5.492     4.493     3.494     2.895     2.695     2.495     2.296     2.096     1.896     1.697
     1.497     1.298     1.098     0.948     0.849     0.749     0.649     0.549     0.449     0.350
     0.250     0.151     0.051
    182
     5.498     4.499     3.500     2.900     2.701     2.501     2.301     2.101     1.902     1.702
     1.502     1.303     1.103     0.953     0.853     0.754     0.654     0.554     0.454     0.354
     0.255     0.155     0.055
    183
     5.497     4.497     3.498     2.899     2.699     2.499     2.300     2.100     1.900     1.701
     1.501     1.301     1.102     0.952     0.852     0.753     0.653     0.553     0.453     0.353
     0.254     0.154     0.054
    184
     5.495     4.496     3.497     2.897     2.698     2.498     2.298     2.099     1.899     1.699
     1.500     1.300     1.101     0.951     0.851     0.751     0.651     0.552     0.452     0.352
     0.253     0.153     0.053
    185
     5.497     4.497     3.498     2.899     2.699     2.499     2.300     2.100     1.900     1.701
     1.501     1.301     1.102     0.952     0.852     0.752     0.653     0.553     0.453     0.353
     0.254     0.154     0.054
    186
     5.493     4.494     3.495     2.896     2.696     2.496     2.297     2.097     1.897     1.698
     1.498     1.299     1.099     0.949     0.849     0.750     0.650     0.550     0.450     0.351
     0.251     0.152     0.052
    187
     5.496     4.496     3.497     2.898     2.698     2.499     2.299     2.099     1.900     1.700
     1.500     1.301     1.101     0.951     0.852     0.752     0.652     0.552     0.452     0.353
     0.253     0.154     0.054
    188
     5.495     4.495     3.496     2.897     2.697     2.498     2.298     2.098     1.899     1.699
     1.499     1.300     1.100     0.951     0.851     0.751     0.651     0.551     0.452     0.352
     0.252     0.153     0.053
    189
     5.493     4.493     3.494     2.895     2.695     2.496     2.296     2.096     1.897     1.697
     1.497     1.298     1.098     0.949     0.849     0.749     0.649     0.549     0.450     0.350
     0.250     0.151     0.051
    190
     5.494     4.495     3.496     2.896     2.697     2.497     2.297     2.098     1.898     1.699
     1.499     1.299     1.100     0.950     0.850     0.750     0.651     0.551     0.451     0.351
     0.252     0.152     0.052
    191
     5.494     4.495     3.496     2.897     2.697     2.497     2.298     2.098     1.898     1.699
     1.499     1.299     1.100     0.950     0.850     0.751     0.651     0.551     0.451     0.352
     0.252     0.152     0.053
    192
     5.494     4.495     3.496     2.896     2.697     2.497     2.297     2.098     1.898     1.699
     1.499     1.299     1.100     0.950     0.850     0.750     0.651     0.551     0.451     0.351
     0.252     0.152     0.053
    193
     5.494     4.494     3.495     2.896     2.697     2.497     2.297     2.098     1.898     1.698
     1.499     1.299     1.100     0.950     0.850     0.750     0.651     0.551     0.451     0.351
     0.252     0.152     0.053
    194
     5.495     4.496     3.497     2.897     2.698     2.498     2.298     2.099     1.899     1.699
     1.500     1.300     1.101     0.951     0.851     0.751     0.651     0.552     0.452     0.352
     0.253     0.153     0.053
    195
     5.494     4.494     3.496     2.896     2.697     2.497     2.297     2.098     1.898     1.698
     1.499     1.299     1.100     0.950     0.850     0.750     0.651     0.551     0.451     0.351
     0.252     0.152     0.053
    196
     5.493     4.493     3.494     2.895     2.695     2.496     2.296     2.096     1.897     1.697
     1.497     1.298     1.098     0.948     0.849     0.749     0.649     0.549     0.450     0.350
     0.250     0.151     0.051
    197
     5.493     4.493     3.494     2.895     2.695     2.496     2.296     2.096     1.897     1.697
     1.498     1.298     1.098     0.949     0.849     0.749     0.649     0.549     0.450     0.350
     0.250     0.151     0.051
    198
     5.503     4.503     3.504     2.905     2.705     2.505     2.305     2.106     1.906     1.706
     1.506     1.307     1.107     0.957     0.857     0.757     0.658     0.558     0.458     0.358
     0.258     0.159     0.059
    199
     5.495     4.495     3.496     2.897     2.697     2.498     2.298     2.098     1.899     1.699
     1.500     1.300     1.100     0.951     0.851     0.751     0.651     0.551     0.452     0.352
     0.252     0.153     0.053
    200
     5.497     4.497     3.498     2.899     2.699     2.499     2.300     2.100     1.900     1.701
     1.501     1.301     1.102     0.952     0.852     0.752     0.653     0.553     0.453     0.353
     0.254     0.154     0.054
    201
     5.494     4.495     3.496     2.897     2.697     2.497     2.298     2.098     1.898     1.699
     1.499     1.300     1.100     0.950     0.850     0.751     0.651     0.551     0.451     0.352
     0.252     0.152     0.053
    202
     5.494     4.494     3.495     2.896     2.696     2.497     2.297     2.098     1.898     1.698
     1.499     1.299     1.100     0.950     0.850     0.750     0.650     0.551     0.451     0.351
     0.252     0.152     0.053
    203
     5.494     4.494     3.495     2.896     2.696     2.497     2.297     2.097     1.898     1.698
     1.499     1.299     1.099     0.950     0.850     0.750     0.650     0.551     0.451     0.351
     0.252     0.152     0.052
    204
     5.493     4.494     3.495     2.896     2.696     2.496     2.297     2.097     1.897     1.698
     1.498     1.298     1.099     0.949     0.849     0.749     0.650     0.550     0.450     0.350
     0.251     0.151     0.052
    205
     5.494     4.495     3.496     2.897     2.697     2.497     2.297     2.098     1.898     1.698
     1.499     1.299     1.099     0.950     0.850     0.750     0.650     0.551     0.451     0.351
     0.251     0.152     0.052
    206
     5.493     4.494     3.495     2.896     2.696     2.496     2.297     2.097     1.897     1.698
     1.498     1.298     1.099     0.949     0.849     0.750     0.650     0.550     0.450     0.351
     0.251     0.151     0.052
    207
     5.499     4.499     3.500     2.901     2.701     2.501     2.301     2.102     1.902     1.702
     1.503     1.303     1.103     0.954     0.854     0.754     0.654     0.554     0.455     0.355
     0.255     0.155     0.056
    208
     5.496     4.496     3.497     2.898     2.698     2.499     2.299     2.099     1.900     1.700
     1.500     1.301     1.101     0.951     0.852     0.752     0.652     0.552     0.452     0.353
     0.253     0.153     0.054
    209
     5.496     4.497     3.498     2.899     2.699     2.499     2.300     2.100     1.900     1.701
     1.501     1.301     1.102     0.952     0.852     0.752     0.652     0.553     0.453     0.353
     0.254     0.154     0.054
    210
     5.494     4.495     3.496     2.897     2.697     2.497     2.298     2.098     1.898     1.699
     1.499     1.300     1.100     0.950     0.850     0.751     0.651     0.551     0.451     0.352
     0.252     0.152     0.053
    211
     5.495     4.496     3.497     2.898     2.698     2.498     2.299     2.099     1.899     1.700
     1.500     1.300     1.101     0.951     0.851     0.751     0.652     0.552     0.452     0.352
     0.253     0.153     0.053
    212
     5.494     4.495     3.496     2.897     2.697     2.497     2.298     2.098     1.898     1.699
     1.499     1.299     1.100     0.950     0.850     0.751     0.651     0.551     0.451     0.352
     0.252     0.152     0.053
    213
     5.500     4.500     3.501     2.902     2.702     2.502     2.302     2.102     1.903     1.703
     1.503     1.303     1.104     0.954     0.854     0.754     0.654     0.554     0.455     0.355
     0.255     0.155     0.056
    214
     5.496     4.496     3.497     2.898     2.698     2.498     2.299     2.099     1.899     1.700
     1.500     1.300     1.101     0.951     0.851     0.751     0.651     0.552     0.452     0.352
     0.252     0.153     0.053
    215
     5.494     4.494     3.495     2.896     2.696     2.497     2.297     2.097     1.898     1.698
     1.498     1.299     1.099     0.949     0.850     0.750     0.650     0.550     0.450     0.351
     0.251     0.151     0.052
    216
     5.494     4.494     3.495     2.896     2.696     2.496     2.297     2.097     1.897     1.698
     1.498     1.298     1.099     0.949     0.849     0.750     0.650     0.550     0.450     0.350
     0.251     0.151     0.052
    217
     5.494     4.494     3.496     2.896     2.697     2.497     2.297     2.098     1.898     1.698
     1.499     1.299     1.100     0.950     0.850     0.750     0.651     0.551     0.451     0.351
     0.252     0.152     0.053
    218
     5.501     4.501     3.502     2.903     2.703     2.503     2.303     2.104     1.904     1.704
     1.505     1.305     1.105     0.955     0.856     0.756     0.656     0.556     0.456     0.357
     0.257     0.157     0.057
    219
     5.498     4.498     3.499     2.900     2.700     2.501     2.301     2.101     1.902     1.702
     1.502     1.303     1.103     0.953     0.853     0.753     0.654     0.554     0.454     0.354
     0.255     0.155     0.055
    220
     5.496     4.497     3.498     2.898     2.699     2.499     2.299     2.100     1.900     1.700
     1.501     1.301     1.101     0.952     0.852     0.752     0.652     0.552     0.453     0.353
     0.253     0.154     0.054
    221
     5.493     4.493     3.494     2.895     2.695     2.496     2.296     2.097     1.897     1.697
     1.498     1.298     1.099     0.949     0.849     0.749     0.650     0.550     0.450     0.350
     0.251     0.151     0.052
    222
     5.492     4.493     3.494     2.895     2.695     2.495     2.296     2.096     1.896     1.697
     1.497     1.298     1.098     0.948     0.848     0.749     0.649     0.549     0.449     0.350
     0.250     0.151     0.051
    223
     5.493     4.493     3.494     2.895     2.695     2.496     2.296     2.096     1.897     1.697
     1.497     1.298     1.098     0.948     0.849     0.749     0.649     0.549     0.450     0.350
     0.250     0.151     0.051
    224
     5.493     4.493     3.494     2.895     2.696     2.496     2.296     2.097     1.897     1.697
     1.498     1.298     1.098     0.949     0.849     0.749     0.649     0.550     0.450     0.350
     0.251     0.151     0.051
    225
     5.491     4.492     3.493     2.894     2.694     2.495     2.295     2.095     1.896     1.696
     1.496     1.297     1.097     0.948     0.848     0.748     0.648     0.549     0.449     0.349
     0.250     0.150     0.051
    226
     5.493     4.494     3.495     2.896     2.696     2.496     2.297     2.097     1.897     1.698
     1.498     1.298     1.099     0.949     0.849     0.750     0.650     0.550     0.450     0.350
     0.251     0.151     0.052
    227
     5.497     4.498     3.499     2.900     2.700     2.500     2.300     2.101     1.901     1.701
     1.502     1.302     1.102     0.953     0.853     0.753     0.653     0.553     0.454     0.354
     0.254     0.155     0.055
    228
     5.499     4.499     3.500     2.901     2.701     2.502     2.302     2.102     1.902     1.703
     1.503     1.303     1.104     0.954     0.854     0.754     0.655     0.555     0.455     0.355
     0.255     0.156     0.056
    229
     5.501     4.502     3.502     2.903     2.703     2.504     2.304     2.104     1.904     1.705
     1.505     1.305     1.106     0.956     0.856     0.756     0.656     0.556     0.457     0.357
     0.257     0.157     0.058
    230
     5.497     4.498     3.499     2.900     2.700     2.500     2.301     2.101     1.901     1.701
     1.502     1.302     1.103     0.953     0.853     0.753     0.653     0.553     0.454     0.354
     0.254     0.155     0.055
    231
     5.501     4.501     3.502     2.903     2.703     2.503     2.304     2.104     1.904     1.704
     1.505     1.305     1.105     0.956     0.856     0.756     0.656     0.556     0.456     0.357
     0.257     0.157     0.058
    232
     5.505     4.506     3.506     2.907     2.707     2.507     2.307     2.108     1.908     1.708
     1.508     1.309     1.109     0.959     0.859     0.759     0.659     0.560     0.460     0.360
     0.260     0.160     0.061
    233
     5.498     4.498     3.499     2.900     2.700     2.500     2.300     2.101     1.901     1.701
     1.501     1.302     1.102     0.952     0.852     0.753     0.653     0.553     0.453     0.353
     0.254     0.154     0.054
    234
     5.496     4.496     3.497     2.898     2.698     2.498     2.299     2.099     1.899     1.699
     1.500     1.300     1.100     0.951     0.851     0.751     0.651     0.551     0.452     0.352
     0.252     0.153     0.053
    235
     5.496     4.497     3.498     2.898     2.699     2.499     2.299     2.099     1.900     1.700
     1.500     1.301     1.101     0.951     0.851     0.752     0.652     0.552     0.452     0.352
     0.253     0.153     0.053
    236
     5.489     4.490     3.491     2.892     2.693     2.493     2.293     2.094     1.894     1.695
     1.495     1.296     1.096     0.947     0.847     0.747     0.647     0.548     0.448     0.348
     0.249     0.149     0.050
    237
     5.491     4.492     3.493     2.894     2.694     2.495     2.295     2.095     1.896     1.696
     1.497     1.297     1.097     0.948     0.848     0.748     0.649     0.549     0.449     0.349
     0.250     0.150     0.051
    238
     5.497     4.498     3.499     2.899     2.699     2.500     2.300     2.100     1.900     1.701
     1.501     1.301     1.102     0.952     0.852     0.752     0.652     0.552     0.453     0.353
     0.253     0.154     0.054
    239
     5.500     4.501     3.501     2.902     2.702     2.503     2.303     2.103     1.903     1.704
     1.504     1.304     1.105     0.955     0.855     0.755     0.655     0.556     0.456     0.356
     0.256     0.157     0.057
    240
     5.503     4.503     3.504     2.904     2.705     2.505     2.305     2.105     1.906     1.706
     1.506     1.306     1.107     0.957     0.857     0.757     0.657     0.558     0.458     0.358
     0.258     0.158     0.059
    241
     5.493     4.494     3.495     2.896     2.696     2.496     2.297     2.097     1.898     1.698
     1.498     1.299     1.099     0.949     0.850     0.750     0.650     0.550     0.451     0.351
     0.251     0.152     0.052
    242
     5.494     4.495     3.496     2.897     2.697     2.497     2.298     2.098     1.898     1.699
     1.499     1.299     1.100     0.950     0.850     0.751     0.651     0.551     0.451     0.352
     0.252     0.152     0.053
    243
     5.500     4.500     3.501     2.902     2.702     2.502     2.303     2.103     1.903     1.703
     1.504     1.304     1.104     0.955     0.855     0.755     0.655     0.555     0.455     0.356
     0.256     0.156     0.057
    244
     5.497     4.497     3.498     2.899     2.699     2.500     2.300     2.100     1.901     1.701
     1.501     1.302     1.102     0.952     0.853     0.753     0.653     0.553     0.453     0.354
     0.254     0.154     0.055
    245
     5.493     4.493     3.494     2.895     2.695     2.496     2.296     2.096     1.897     1.697
     1.498     1.298     1.098     0.949     0.849     0.749     0.649     0.549     0.450     0.350
     0.250     0.151     0.051
    246
     5.492     4.493     3.494     2.895     2.695     2.495     2.296     2.096     1.896     1.697
     1.497     1.297     1.098     0.948     0.848     0.749     0.649     0.549     0.449     0.350
     0.250     0.150     0.051
    247
     5.493     4.494     3.495     2.895     2.696     2.496     2.296     2.097     1.897     1.697
     1.498     1.298     1.099     0.949     0.849     0.749     0.649     0.550     0.450     0.350
     0.251     0.151     0.051
    248
     5.494     4.495     3.496     2.896     2.697     2.497     2.297     2.098     1.898     1.698
     1.499     1.299     1.099     0.950     0.850     0.750     0.650     0.550     0.451     0.351
     0.251     0.152     0.052
    249
     5.490     4.491     3.492     2.893     2.693     2.494     2.294     2.095     1.895     1.695
     1.496     1.296     1.097     0.947     0.847     0.748     0.648     0.548     0.448     0.349
     0.249     0.150     0.050
    250
     5.496     4.497     3.498     2.898     2.699     2.499     2.299     2.100     1.900     1.700
     1.501     1.301     1.101     0.952     0.852     0.752     0.652     0.552     0.453     0.353
     0.253     0.154     0.054
    251
     5.493     4.494     3.495     2.896     2.696     2.496     2.297     2.097     1.898     1.698
     1.498     1.299     1.099     0.949     0.850     0.750     0.650     0.550     0.451     0.351
     0.251     0.152     0.052
    252
     5.497     4.497     3.498     2.899     2.699     2.500     2.300     2.100     1.901     1.701
     1.501     1.302     1.102     0.952     0.852     0.753     0.653     0.553     0.453     0.353
     0.254     0.154     0.054
    253
     5.500     4.500     3.501     2.902     2.702     2.502     2.302     2.103     1.903     1.703
     1.504     1.304     1.104     0.955     0.855     0.755     0.655     0.555     0.455     0.356
     0.256     0.156     0.057
    254
     5.495     4.496     3.497     2.897     2.698     2.498     2.298     2.099     1.899     1.699
     1.500     1.300     1.100     0.951     0.851     0.751     0.651     0.552     0.452     0.352
     0.252     0.153     0.053
    255
     5.492     4.493     3.494     2.895     2.695     2.495     2.296     2.096     1.896     1.697
     1.497     1.298     1.098     0.948     0.848     0.749     0.649     0.549     0.449     0.350
     0.250     0.151     0.051
    256
     5.494     4.494     3.495     2.896     2.696     2.496     2.297     2.097     1.897     1.698
     1.498     1.299     1.099     0.949     0.849     0.750     0.650     0.550     0.450     0.351
     0.251     0.151     0.052
    257
     5.493     4.493     3.494     2.895     2.695     2.496     2.296     2.096     1.897     1.697
     1.497     1.298     1.098     0.948     0.849     0.749     0.649     0.549     0.450     0.350
     0.250     0.151     0.051
    258
     5.491     4.492     3.493     2.894     2.694     2.495     2.295     2.095     1.896     1.696
     1.497     1.297     1.097     0.948     0.848     0.748     0.648     0.549     0.449     0.349
     0.250     0.150     0.051
    259
     5.491     4.492     3.493     2.894     2.694     2.494     2.295     2.095     1.896     1.696
     1.496     1.297     1.097     0.948     0.848     0.748     0.648     0.549     0.449     0.349
     0.250     0.150     0.051
    260
     5.503     4.503     3.504     2.904     2.704     2.505     2.305     2.105     1.905     1.706
     1.506     1.306     1.107     0.957     0.857     0.757     0.657     0.557     0.457     0.358
     0.258     0.158     0.058
    261
     5.498     4.499     3.500     2.900     2.701     2.501     2.301     2.102     1.902     1.702
     1.502     1.303     1.103     0.953     0.853     0.754     0.654     0.554     0.454     0.354
     0.255     0.155     0.055
    262
     5.497     4.498     3.499     2.899     2.700     2.500     2.300     2.101     1.901     1.701
     1.501     1.302     1.102     0.952     0.853     0.753     0.653     0.553     0.453     0.354
     0.254     0.154     0.055
    263
     5.494     4.495     3.496     2.897     2.697     2.497     2.298     2.098     1.899     1.699
     1.499     1.300     1.100     0.950     0.851     0.751     0.651     0.551     0.451     0.352
     0.252     0.152     0.053
    264
     5.493     4.494     3.495     2.896     2.696     2.496     2.297     2.097     1.897     1.698
     1.498     1.299     1.099     0.949     0.849     0.750     0.650     0.550     0.450     0.351
     0.251     0.151     0.052
    265
     5.495     4.495     3.496     2.897     2.697     2.498     2.298     2.098     1.898     1.699
     1.499     1.299     1.100     0.950     0.850     0.750     0.651     0.551     0.451     0.351
     0.252     0.152     0.052
    266
     5.490     4.491     3.492     2.893     2.693     2.494     2.294     2.094     1.895     1.695
     1.496     1.296     1.097     0.947     0.847     0.747     0.648     0.548     0.448     0.349
     0.249     0.150     0.050
    267
     5.489     4.489     3.491     2.892     2.692     2.493     2.293     2.094     1.894     1.694
     1.495     1.295     1.096     0.946     0.847     0.747     0.647     0.547     0.448     0.348
     0.249     0.149     0.050
    268
     5.491     4.492     3.493     2.894     2.694     2.495     2.295     2.095     1.896     1.696
     1.496     1.297     1.097     0.948     0.848     0.748     0.648     0.549     0.449     0.349
     0.250     0.150     0.051
    269
     5.492     4.493     3.494     2.894     2.695     2.495     2.295     2.096     1.896     1.697
     1.497     1.297     1.098     0.948     0.848     0.748     0.649     0.549     0.449     0.350
     0.250     0.150     0.051
    270
     5.492     4.492     3.493     2.894     2.695     2.495     2.295     2.096     1.896     1.696
     1.497     1.297     1.098     0.948     0.848     0.748     0.649     0.549     0.449     0.349
     0.250     0.150     0.051
    271
     5.492     4.493     3.494     2.895     2.695     2.495     2.296     2.096     1.896     1.697
     1.497     1.297     1.098     0.948     0.848     0.749     0.649     0.549     0.449     0.350
     0.250     0.150     0.051
    272
     5.495     4.495     3.496     2.897     2.697     2.498     2.298     2.098     1.898     1.699
     1.499     1.299     1.100     0.950     0.850     0.750     0.651     0.551     0.451     0.351
     0.252     0.152     0.052
    273
     5.491     4.492     3.493     2.894     2.694     2.495     2.295     2.095     1.896     1.696
     1.496     1.297     1.097     0.948     0.848     0.748     0.648     0.549     0.449     0.349
     0.250     0.150     0.051
    274
     5.491     4.492     3.493     2.894     2.694     2.495     2.295     2.095     1.896     1.696
     1.496     1.297     1.097     0.948     0.848     0.748     0.648     0.549     0.449     0.349
     0.250     0.150     0.051
    275
     5.490     4.491     3.492     2.893     2.693     2.494     2.294     2.094     1.895     1.695
     1.496     1.296     1.097     0.947     0.847     0.747     0.648     0.548     0.448     0.349
     0.249     0.150     0.050
    276
     5.491     4.492     3.493     2.894     2.694     2.494     2.295     2.095     1.895     1.696
     1.496     1.297     1.097     0.948     0.848     0.748     0.648     0.548     0.449     0.349
     0.250     0.150     0.051
    277
     5.492     4.492     3.493     2.894     2.695     2.495     2.295     2.096     1.896     1.696
     1.497     1.297     1.098     0.948     0.848     0.748     0.649     0.549     0.449     0.349
     0.250     0.150     0.051
    278
     5.492     4.493     3.494     2.895     2.695     2.495     2.296     2.096     1.896     1.697
     1.497     1.298     1.098     0.948     0.848     0.749     0.649     0.549     0.449     0.350
     0.250     0.151     0.051
    279
     5.493     4.494     3.495     2.896     2.696     2.496     2.297     2.097     1.897     1.698
     1.498     1.298     1.099     0.949     0.849     0.749     0.650     0.550     0.450     0.350
     0.251     0.151     0.052
    280
     5.494     4.494     3.495     2.896     2.696     2.496     2.297     2.097     1.897     1.698
     1.498     1.298     1.099     0.949     0.849     0.749     0.650     0.550     0.450     0.350
     0.251     0.151     0.052
    281
     5.492     4.493     3.494     2.895     2.695     2.495     2.296     2.096     1.896     1.697
     1.497     1.298     1.098     0.948     0.848     0.749     0.649     0.549     0.449     0.350
     0.250     0.151     0.051
    282
     5.491     4.492     3.493     2.894     2.694     2.494     2.295     2.095     1.895     1.696
     1.496     1.297     1.097     0.947     0.848     0.748     0.648     0.548     0.449     0.349
     0.249     0.150     0.050
    283
     5.491     4.492     3.493     2.894     2.694     2.494     2.295     2.095     1.896     1.696
     1.496     1.297     1.097     0.948     0.848     0.748     0.648     0.548     0.449     0.349
     0.250     0.150     0.051
    284
     5.488     4.489     3.490     2.892     2.692     2.492     2.293     2.093     1.894     1.694
     1.495     1.295     1.096     0.946     0.846     0.747     0.647     0.547     0.448     0.348
     0.249     0.149     0.050
    285
     5.490     4.490     3.492     2.893     2.693     2.493     2.294     2.094     1.895     1.695
     1.496     1.296     1.097     0.947     0.847     0.747     0.648     0.548     0.448     0.349
     0.249     0.150     0.050
    286
     5.492     4.493     3.494     2.895     2.695     2.496     2.296     2.096     1.897     1.697
     1.497     1.298     1.098     0.948     0.849     0.749     0.649     0.549     0.449     0.350
     0.250     0.151     0.051
    287
     5.491     4.492     3.493     2.894     2.694     2.495     2.295     2.095     1.896     1.696
     1.497     1.297     1.097     0.948     0.848     0.748     0.648     0.549     0.449     0.349
     0.250     0.150     0.051
    288
     5.493     4.494     3.495     2.896     2.696     2.496     2.297     2.097     1.897     1.698
     1.498     1.298     1.099     0.949     0.849     0.749     0.650     0.550     0.450     0.350
     0.251     0.151     0.052
    289
     5.491     4.491     3.493     2.893     2.694     2.494     2.295     2.095     1.895     1.696
     1.496     1.297     1.097     0.947     0.848     0.748     0.648     0.548     0.449     0.349
     0.249     0.150     0.050
    290
     5.490     4.491     3.492     2.893     2.694     2.494     2.294     2.095     1.895     1.695
     1.496     1.296     1.097     0.947     0.847     0.748     0.648     0.548     0.448     0.349
     0.249     0.150     0.050
    291
     5.488     4.489     3.490     2.892     2.692     2.492     2.293     2.093     1.894     1.694
     1.495     1.295     1.096     0.946     0.846     0.747     0.647     0.547     0.448     0.348
     0.249     0.149     0.050
    292
     5.492     4.493     3.494     2.895     2.695     2.495     2.296     2.096     1.897     1.697
     1.497     1.298     1.098     0.948     0.849     0.749     0.649     0.549     0.449     0.350
     0.250     0.151     0.051
    293
     5.495     4.495     3.496     2.897     2.697     2.497     2.297     2.098     1.898     1.698
     1.499     1.299     1.099     0.950     0.850     0.750     0.650     0.550     0.451     0.351
     0.251     0.152     0.052
    294
     5.494     4.494     3.495     2.896     2.696     2.496     2.297     2.097     1.897     1.698
     1.498     1.298     1.099     0.949     0.849     0.749     0.650     0.550     0.450     0.350
     0.251     0.151     0.052
    295
     5.492     4.493     3.494     2.895     2.695     2.495     2.296     2.096     1.896     1.697
     1.497     1.298     1.098     0.948     0.848     0.749     0.649     0.549     0.449     0.350
     0.250     0.151     0.051
    296
     5.491     4.491     3.492     2.893     2.694     2.494     2.294     2.095     1.895     1.696
     1.496     1.296     1.097     0.947     0.847     0.748     0.648     0.548     0.448     0.349
     0.249     0.150     0.050
    297
     5.487     4.488     3.489     2.889     2.690     2.490     2.290     2.091     1.891     1.692
     1.492     1.293     1.093     0.943     0.844     0.744     0.644     0.545     0.445     0.345
     0.246     0.146     0.046
    298
     5.490     4.490     3.491     2.893     2.693     2.493     2.294     2.094     1.895     1.695
     1.495     1.296     1.096     0.947     0.847     0.747     0.647     0.548     0.448     0.348
     0.249     0.150     0.050
    299
     5.492     4.493     3.494     2.895     2.695     2.495     2.296     2.096     1.896     1.697
     1.497     1.297     1.098     0.948     0.848     0.749     0.649     0.549     0.449     0.350
     0.250     0.150     0.051
    300
     5.493     4.493     3.494     2.895     2.695     2.496     2.296     2.096     1.897     1.697
     1.497     1.298     1.098     0.948     0.849     0.749     0.649     0.549     0.450     0.350
     0.250     0.151     0.051
    301
     5.491     4.492     3.493     2.894     2.694     2.495     2.295     2.095     1.896     1.696
     1.496     1.297     1.097     0.948     0.848     0.748     0.648     0.548     0.449     0.349
     0.250     0.150     0.051
    302
     5.491     4.492     3.493     2.894     2.694     2.495     2.295     2.095     1.896     1.696
     1.496     1.297     1.097     0.948     0.848     0.748     0.648     0.549     0.449     0.349
     0.250     0.150     0.051
    303
     5.492     4.492     3.493     2.894     2.695     2.495     2.295     2.096     1.896     1.696
     1.497     1.297     1.098     0.948     0.848     0.748     0.649     0.549     0.449     0.349
     0.250     0.150     0.051
    304
     5.493     4.493     3.494     2.895     2.695     2.496     2.296     2.096     1.897     1.697
     1.497     1.298     1.098     0.949     0.849     0.749     0.649     0.549     0.450     0.350
     0.250     0.151     0.051
    305
     5.492     4.493     3.494     2.895     2.695     2.495     2.296     2.096     1.896     1.697
     1.497     1.297     1.098     0.948     0.848     0.749     0.649     0.549     0.449     0.350
     0.250     0.150     0.051
    306
     5.494     4.494     3.495     2.896     2.696     2.496     2.297     2.097     1.897     1.698
     1.498     1.298     1.099     0.949     0.849     0.750     0.650     0.550     0.450     0.350
     0.251     0.151     0.052
    307
     5.494     4.495     3.496     2.897     2.697     2.497     2.297     2.098     1.898     1.698
     1.499     1.299     1.099     0.950     0.850     0.750     0.650     0.550     0.451     0.351
     0.251     0.152     0.052
    308
     5.496     4.496     3.497     2.898     2.698     2.498     2.299     2.099     1.899     1.700
     1.500     1.300     1.100     0.951     0.851     0.751     0.651     0.551     0.452     0.352
     0.252     0.152     0.053
