Simulated discharge(m3/s) at the outlet - regular timestep    1.00 hours. Simulated discharge is the mean value over the timestep with the date at the end of the timestep
Date_yyyy/mm/dd_hours(iso8601format),Time(hours),Outlet-118,Channel-84,Channel-84,Channel-101,Channel-112
1977-10-01T01:00:00,1.000,.00000,.15491,.00000,.62979,1.01914
1977-10-01T02:00:00,2.000,.05559,.09888,.00000,.53618,.62752
1977-10-01T03:00:00,3.000,.39936,.07467,.00000,.51514,.55001
1977-10-01T04:00:00,4.000,.71742,.06198,.00000,.51096,.53609
1977-10-01T05:00:00,5.000,.89238,.05424,.00000,.50726,.53354
1977-10-01T06:00:00,6.000,.96652,.04873,.00000,.50418,.53042
1977-10-01T07:00:00,7.000,.98431,.04441,.00000,.50611,.52566
1977-10-01T08:00:00,8.000,.97561,.04069,.00000,.51691,.52045
1977-10-01T09:00:00,9.000,.95656,.03740,.00000,.53801,.51661
1977-10-01T10:00:00,10.000,.93523,.03439,.00000,.56910,.51592
1977-10-01T11:00:00,11.000,.91608,.03161,.00000,.60703,.52032
1977-10-01T12:00:00,12.000,.90171,.02911,.00000,.64576,.53093
1977-10-01T13:00:00,13.000,.89231,.02677,.00000,.68176,.54884
1977-10-01T14:00:00,14.000,.88869,.02468,.00000,.70871,.57231
1977-10-01T15:00:00,15.000,.89038,.02275,.00000,.72573,.60028
1977-10-01T16:00:00,16.000,.89718,.02097,.00000,.73155,.62964
1977-10-01T17:00:00,17.000,.90812,.01936,.00000,.72681,.65658
1977-10-01T18:00:00,18.000,.92146,.01791,.00000,.71354,.67785
1977-10-01T19:00:00,19.000,.93510,.01663,.00000,.69447,.69184
1977-10-01T20:00:00,20.000,.94814,.01540,.00000,.66967,.69864
1977-10-01T21:00:00,21.000,.95753,.01430,.00000,.64216,.69722
1977-10-01T22:00:00,22.000,.96233,.01332,.00000,.61362,.68946
1977-10-01T23:00:00,23.000,.96157,.01242,.00000,.58409,.67595
1977-10-02T00:00:00,24.000,.95471,.01156,.00000,.55325,.65734
1977-10-02T01:00:00,25.000,.94324,.01084,.00000,.52598,.63758
1977-10-02T02:00:00,26.000,.92656,.01016,.00000,.49831,.61494
1977-10-02T03:00:00,27.000,.90341,.00947,.00000,.46918,.58862
1977-10-02T04:00:00,28.000,.87933,.00891,.00000,.44448,.56453
1977-10-02T05:00:00,29.000,.85275,.00838,.00000,.42083,.54019
1977-10-02T06:00:00,30.000,.82435,.00790,.00000,.39832,.51599
1977-10-02T07:00:00,31.000,.79478,.00745,.00000,.37702,.49225
1977-10-02T08:00:00,32.000,.76465,.00703,.00000,.35695,.46919
1977-10-02T09:00:00,33.000,.73485,.00664,.00000,.33835,.44729
1977-10-02T10:00:00,34.000,.70559,.00629,.00000,.32103,.42648
1977-10-02T11:00:00,35.000,.67690,.00597,.00000,.30480,.40664
1977-10-02T12:00:00,36.000,.64897,.00566,.00000,.28959,.38777
1977-10-02T13:00:00,37.000,.62192,.00538,.00000,.27534,.36987
1977-10-02T14:00:00,38.000,.59584,.00512,.00000,.26197,.35290
1977-10-02T15:00:00,39.000,.57079,.00487,.00000,.24945,.33685
1977-10-02T16:00:00,40.000,.54679,.00464,.00000,.23770,.32166
1977-10-02T17:00:00,41.000,.52386,.00443,.00000,.22667,.30731
1977-10-02T18:00:00,42.000,.50197,.00423,.00000,.21632,.29375
1977-10-02T19:00:00,43.000,.48112,.00404,.00000,.20660,.28094
1977-10-02T20:00:00,44.000,.46126,.00386,.00000,.19746,.26884
1977-10-02T21:00:00,45.000,.44238,.00370,.00000,.18886,.25741
1977-10-02T22:00:00,46.000,.42443,.00354,.00000,.18076,.24661
1977-10-02T23:00:00,47.000,.40737,.00339,.00000,.17314,.23640
1977-10-03T00:00:00,48.000,.39117,.00326,.00000,.16596,.22674
1977-10-03T01:00:00,49.000,.37577,.00313,.00000,.15918,.21761
1977-10-03T02:00:00,50.000,.36114,.00300,.00000,.15279,.20897
1977-10-03T03:00:00,51.000,.34725,.00289,.00000,.14674,.20078
1977-10-03T04:00:00,52.000,.33405,.00278,.00000,.14103,.19303
1977-10-03T05:00:00,53.000,.32150,.00268,.00000,.13563,.18569
1977-10-03T06:00:00,54.000,.30957,.00258,.00000,.13052,.17872
1977-10-03T07:00:00,55.000,.29822,.00249,.00000,.12568,.17211
1977-10-03T08:00:00,56.000,.28743,.00240,.00000,.12109,.16584
1977-10-03T09:00:00,57.000,.27716,.00232,.00000,.11674,.15988
1977-10-03T10:00:00,58.000,.26739,.00224,.00000,.11261,.15422
1977-10-03T11:00:00,59.000,.25808,.00216,.00000,.10868,.14884
1977-10-03T12:00:00,60.000,.24921,.00209,.00000,.10495,.14371
1977-10-03T13:00:00,61.000,.24075,.00202,.00000,.10141,.13884
1977-10-03T14:00:00,62.000,.23269,.00196,.00000,.09804,.13420
1977-10-03T15:00:00,63.000,.22500,.00190,.00000,.09483,.12977
1977-10-03T16:00:00,64.000,.21765,.00184,.00000,.09177,.12555
1977-10-03T17:00:00,65.000,.21064,.00178,.00000,.08885,.12153
1977-10-03T18:00:00,66.000,.20395,.00173,.00000,.08607,.11769
1977-10-03T19:00:00,67.000,.19755,.00168,.00000,.08342,.11402
1977-10-03T20:00:00,68.000,.19143,.00163,.00000,.08089,.11052
1977-10-03T21:00:00,69.000,.18558,.00159,.00000,.07847,.10717
1977-10-03T22:00:00,70.000,.17997,.00154,.00000,.07616,.10397
1977-10-03T23:00:00,71.000,.17461,.00150,.00000,.07395,.10091
1977-10-04T00:00:00,72.000,.16948,.00146,.00000,.07184,.09797
1977-10-04T01:00:00,73.000,.16455,.00142,.00000,.06981,.09517
1977-10-04T02:00:00,74.000,.15984,.00139,.00000,.06787,.09247
1977-10-04T03:00:00,75.000,.15531,.00135,.00000,.06602,.08990
1977-10-04T04:00:00,76.000,.15097,.00132,.00000,.06424,.08742
1977-10-04T05:00:00,77.000,.14680,.00128,.00000,.06253,.08505
1977-10-04T06:00:00,78.000,.14280,.00125,.00000,.06090,.08277
1977-10-04T07:00:00,79.000,.13896,.00122,.00000,.05932,.08058
1977-10-04T08:00:00,80.000,.13527,.00119,.00000,.05782,.07848
1977-10-04T09:00:00,81.000,.13172,.00117,.00000,.05637,.07647
1977-10-04T10:00:00,82.000,.12830,.00114,.00000,.05498,.07452
1977-10-04T11:00:00,83.000,.12502,.00111,.00000,.05364,.07266
1977-10-04T12:00:00,84.000,.12186,.00109,.00000,.05235,.07086
1977-10-04T13:00:00,85.000,.11882,.00107,.00000,.05111,.06913
1977-10-04T14:00:00,86.000,.11589,.00104,.00000,.04992,.06747
1977-10-04T15:00:00,87.000,.11306,.00102,.00000,.04878,.06587
1977-10-04T16:00:00,88.000,.11034,.00100,.00000,.04767,.06433
1977-10-04T17:00:00,89.000,.10772,.00098,.00000,.04661,.06284
1977-10-04T18:00:00,90.000,.10519,.00096,.00000,.04558,.06140
1977-10-04T19:00:00,91.000,.10275,.00094,.00000,.04459,.06002
1977-10-04T20:00:00,92.000,.10039,.00092,.00000,.04364,.05869
1977-10-04T21:00:00,93.000,.09812,.00091,.00000,.04272,.05740
1977-10-04T22:00:00,94.000,.09593,.00089,.00000,.04183,.05615
1977-10-04T23:00:00,95.000,.09381,.00087,.00000,.04098,.05495
1977-10-05T00:00:00,96.000,.09176,.00086,.00000,.04015,.05379
1977-10-05T01:00:00,97.000,.08978,.00084,.00000,.03935,.05267
1977-10-05T02:00:00,98.000,.08787,.00083,.00000,.03858,.05159
1977-10-05T03:00:00,99.000,.08601,.00081,.00000,.03783,.05054
1977-10-05T04:00:00,100.000,.08422,.00080,.00000,.03711,.04953
1977-10-05T05:00:00,101.000,.08249,.00079,.00000,.03641,.04855
1977-10-05T06:00:00,102.000,.08082,.00077,.00000,.03574,.04760
1977-10-05T07:00:00,103.000,.07919,.00076,.00000,.03509,.04669
1977-10-05T08:00:00,104.000,.07762,.00075,.00000,.03446,.04580
1977-10-05T09:00:00,105.000,.07610,.00074,.00000,.03384,.04494
1977-10-05T10:00:00,106.000,.07463,.00073,.00000,.03325,.04410
1977-10-05T11:00:00,107.000,.07320,.00072,.00000,.03268,.04330
1977-10-05T12:00:00,108.000,.07181,.00071,.00000,.03213,.04252
1977-10-05T13:00:00,109.000,.07047,.00070,.00000,.03159,.04176
1977-10-05T14:00:00,110.000,.06917,.00069,.00000,.03107,.04102
1977-10-05T15:00:00,111.000,.06790,.00068,.00000,.03056,.04031
1977-10-05T16:00:00,112.000,.06668,.00067,.00000,.03007,.03962
1977-10-05T17:00:00,113.000,.06549,.00066,.00000,.02960,.03895
1977-10-05T18:00:00,114.000,.06433,.00065,.00000,.02914,.03830
1977-10-05T19:00:00,115.000,.06321,.00064,.00000,.02869,.03767
1977-10-05T20:00:00,116.000,.06213,.00063,.00000,.02826,.03705
1977-10-05T21:00:00,117.000,.06107,.00062,.00000,.02784,.03646
1977-10-05T22:00:00,118.000,.06334,.00121,.00000,.02997,.03878
1977-10-05T23:00:00,119.000,.11301,.02231,.00217,.07567,.10093
1977-10-06T00:00:00,120.000,.24952,.25073,.26146,.58759,.27252
1977-10-06T01:00:00,121.000,.44877,2.12462,1.19972,8.72805,.46984
1977-10-06T02:00:00,122.000,.80480,8.07444,2.45192,50.48338,4.77026
1977-10-06T03:00:00,123.000,9.19504,19.81478,3.63902,186.88834,81.16331
1977-10-06T04:00:00,124.000,202.37699,31.98042,4.61599,517.96336,387.83395
1977-10-06T05:00:00,125.000,677.06213,41.52468,5.38227,697.62996,664.45199
1977-10-06T06:00:00,126.000,1014.18628,46.12153,5.03811,822.03404,807.25729
1977-10-06T07:00:00,127.000,1207.97518,41.92054,3.54845,889.61046,897.39873
1977-10-06T08:00:00,128.000,1227.96043,33.90360,2.21159,849.72762,884.61720
1977-10-06T09:00:00,129.000,1103.08834,26.90486,1.39202,729.54508,776.20387
1977-10-06T10:00:00,130.000,927.50977,21.27595,.84203,597.01145,645.79884
1977-10-06T11:00:00,131.000,740.08934,16.68840,.46693,446.86819,499.61441
1977-10-06T12:00:00,132.000,565.77178,13.00405,.22374,322.00499,368.17290
1977-10-06T13:00:00,133.000,427.37279,10.21196,.07488,233.31871,270.74725
1977-10-06T14:00:00,134.000,321.84102,8.09294,.00514,169.67883,199.50005
1977-10-06T15:00:00,135.000,245.96052,6.52126,.00000,125.74611,149.53065
1977-10-06T16:00:00,136.000,190.61118,5.27561,.00000,94.86758,113.85457
1977-10-06T17:00:00,137.000,146.83191,4.18815,.00000,71.27311,86.24566
1977-10-06T18:00:00,138.000,117.63541,3.39637,.00000,55.95947,68.19182
1977-10-06T19:00:00,139.000,93.91112,2.71428,.00000,43.84200,53.78493
1977-10-06T20:00:00,140.000,80.05420,2.31266,.00000,36.97442,45.54786
1977-10-06T21:00:00,141.000,64.98636,1.87803,.00000,29.63239,36.64584
1977-10-06T22:00:00,142.000,53.20449,1.53487,.00000,24.07684,29.84351
1977-10-06T23:00:00,143.000,43.75812,1.23946,.00000,19.68994,24.49268
1977-10-07T00:00:00,144.000,36.61731,1.00120,.00000,16.37699,20.47409
1977-10-07T01:00:00,145.000,30.72946,.79571,.00000,13.64140,17.16131
1977-10-07T02:00:00,146.000,25.96360,.62550,.00000,11.42787,14.47632
1977-10-07T03:00:00,147.000,22.17215,.49059,.00000,9.67153,12.33841
1977-10-07T04:00:00,148.000,19.12394,.38533,.00000,8.26491,10.61939
1977-10-07T05:00:00,149.000,16.30195,.29541,.00000,6.97016,9.02880
1977-10-07T06:00:00,150.000,14.22911,.23607,.00000,6.02570,7.86160
1977-10-07T07:00:00,151.000,12.46692,.19065,.00000,5.22934,6.87069
1977-10-07T08:00:00,152.000,10.72806,.15073,.00000,4.45267,5.89521
1977-10-07T09:00:00,153.000,9.45540,.12463,.00000,3.89213,5.18386
1977-10-07T10:00:00,154.000,8.35015,.10393,.00000,3.41176,4.56848
1977-10-07T11:00:00,155.000,7.39864,.08754,.00000,3.00369,4.04094
1977-10-07T12:00:00,156.000,6.58823,.07459,.00000,2.66047,3.59348
1977-10-07T13:00:00,157.000,5.88663,.06410,.00000,2.36669,3.20755
1977-10-07T14:00:00,158.000,5.27677,.05551,.00000,2.11388,2.87325
1977-10-07T15:00:00,159.000,4.74505,.04841,.00000,1.89539,2.58270
1977-10-07T16:00:00,160.000,4.28007,.04250,.00000,1.70577,2.32932
1977-10-07T17:00:00,161.000,3.87228,.03753,.00000,1.54047,2.10759
1977-10-07T18:00:00,162.000,3.51358,.03333,.00000,1.39579,1.91287
1977-10-07T19:00:00,163.000,3.19708,.02974,.00000,1.26868,1.74128
1977-10-07T20:00:00,164.000,2.91699,.02668,.00000,1.15654,1.58955
1977-10-07T21:00:00,165.000,2.66836,.02403,.00000,1.05727,1.45495
1977-10-07T22:00:00,166.000,2.44704,.02173,.00000,.96908,1.33517
1977-10-07T23:00:00,167.000,2.24945,.01973,.00000,.89046,1.22823
1977-10-08T00:00:00,168.000,2.07257,.01798,.00000,.82016,1.13247
1977-10-08T01:00:00,169.000,1.91379,.01644,.00000,.75710,1.04648
1977-10-08T02:00:00,170.000,1.77090,.01508,.00000,.70036,.96905
1977-10-08T03:00:00,171.000,1.64197,.01387,.00000,.64916,.89913
1977-10-08T04:00:00,172.000,1.52536,.01279,.00000,.60281,.83584
1977-10-08T05:00:00,173.000,1.41964,.01183,.00000,.56074,.77839
1977-10-08T06:00:00,174.000,1.32357,.01097,.00000,.52245,.72612
1977-10-08T07:00:00,175.000,1.23607,.01019,.00000,.48752,.67846
1977-10-08T08:00:00,176.000,1.15622,.00950,.00000,.45557,.63490
1977-10-08T09:00:00,177.000,1.08318,.00886,.00000,.42629,.59499
1977-10-08T10:00:00,178.000,1.01625,.00829,.00000,.39940,.55835
1977-10-08T11:00:00,179.000,.95478,.00777,.00000,.37467,.52465
1977-10-08T12:00:00,180.000,.90567,.00743,.00000,.35528,.49834
1977-10-08T13:00:00,181.000,.87308,.00744,.00000,.34360,.48284
1977-10-08T14:00:00,182.000,.84276,.00766,.00000,.33258,.47019
1977-10-08T15:00:00,183.000,.80616,.00750,.00000,.31531,.45049
1977-10-08T16:00:00,184.000,.76582,.00705,.00000,.29580,.42602
1977-10-08T17:00:00,185.000,.72628,.00665,.00000,.27800,.40226
1977-10-08T18:00:00,186.000,.69398,.00641,.00000,.26421,.38324
1977-10-08T19:00:00,187.000,.66365,.00619,.00000,.25123,.36504
1977-10-08T20:00:00,188.000,.63012,.00583,.00000,.23664,.34397
1977-10-08T21:00:00,189.000,.60063,.00552,.00000,.22444,.32577
1977-10-08T22:00:00,190.000,.56869,.00521,.00000,.21192,.30656
1977-10-08T23:00:00,191.000,.54262,.00497,.00000,.20215,.29124
1977-10-09T00:00:00,192.000,.51548,.00473,.00000,.19234,.27563
1977-10-09T01:00:00,193.000,.48928,.00451,.00000,.18320,.26089
1977-10-09T02:00:00,194.000,.46647,.00432,.00000,.17549,.24833
1977-10-09T03:00:00,195.000,.44479,.00415,.00000,.16835,.23660
1977-10-09T04:00:00,196.000,.42455,.00399,.00000,.16183,.22584
1977-10-09T05:00:00,197.000,.40575,.00384,.00000,.15591,.21599
1977-10-09T06:00:00,198.000,.38811,.00370,.00000,.15044,.20689
1977-10-09T07:00:00,199.000,.37157,.00358,.00000,.14538,.19846
1977-10-09T08:00:00,200.000,.35606,.00345,.00000,.14069,.19065
1977-10-09T09:00:00,201.000,.34152,.00334,.00000,.13631,.18340
1977-10-09T10:00:00,202.000,.33079,.00378,.00000,.13429,.17860
1977-10-09T11:00:00,203.000,.32606,.00600,.00000,.13763,.17810
1977-10-09T12:00:00,204.000,.31799,.00753,.00000,.14279,.17498
1977-10-09T13:00:00,205.000,.30623,.00696,.00000,.14404,.16901
1977-10-09T14:00:00,206.000,.29489,.00637,.00000,.14364,.16379
1977-10-09T15:00:00,207.000,.28435,.00590,.00000,.14224,.15952
1977-10-09T16:00:00,208.000,.27435,.00550,.00000,.14012,.15598
1977-10-09T17:00:00,209.000,.26516,.00517,.00000,.13757,.15309
1977-10-09T18:00:00,210.000,.25703,.00489,.00000,.13491,.15073
1977-10-09T19:00:00,211.000,.24920,.00464,.00000,.13202,.14852
1977-10-09T20:00:00,212.000,.24250,.00443,.00000,.12929,.14658
1977-10-09T21:00:00,213.000,.23576,.00422,.00000,.12634,.14449
1977-10-09T22:00:00,214.000,.23026,.00405,.00000,.12378,.14260
1977-10-09T23:00:00,215.000,.22504,.00390,.00000,.12126,.14062
1977-10-10T00:00:00,216.000,.22011,.00375,.00000,.11878,.13855
1977-10-10T01:00:00,217.000,.21544,.00362,.00000,.11636,.13639
1977-10-10T02:00:00,218.000,.21104,.00349,.00000,.11401,.13417
1977-10-10T03:00:00,219.000,.20700,.00337,.00000,.11180,.13200
1977-10-10T04:00:00,220.000,.20313,.00327,.00000,.10965,.12981
1977-10-10T05:00:00,221.000,.19941,.00316,.00000,.10752,.12762
1977-10-10T06:00:00,222.000,.19580,.00307,.00000,.10543,.12543
1977-10-10T07:00:00,223.000,.19230,.00297,.00000,.10336,.12324
1977-10-10T08:00:00,224.000,.18890,.00289,.00000,.10131,.12108
1977-10-10T09:00:00,225.000,.18559,.00280,.00000,.09927,.11894
1977-10-10T10:00:00,226.000,.18236,.00272,.00000,.09725,.11682
1977-10-10T11:00:00,227.000,.17920,.00264,.00000,.09524,.11473
1977-10-10T12:00:00,228.000,.17612,.00257,.00000,.09326,.11266
1977-10-10T13:00:00,229.000,.17310,.00250,.00000,.09129,.11062
1977-10-10T14:00:00,230.000,.17015,.00243,.00000,.08934,.10861
1977-10-10T15:00:00,231.000,.16725,.00236,.00000,.08741,.10662
1977-10-10T16:00:00,232.000,.16442,.00230,.00000,.08551,.10465
1977-10-10T17:00:00,233.000,.16164,.00224,.00000,.08364,.10271
1977-10-10T18:00:00,234.000,.15891,.00218,.00000,.08180,.10079
1977-10-10T19:00:00,235.000,.15624,.00212,.00000,.07999,.09889
1977-10-10T20:00:00,236.000,.15361,.00207,.00000,.07821,.09702
1977-10-10T21:00:00,237.000,.15102,.00201,.00000,.07646,.09517
1977-10-10T22:00:00,238.000,.14848,.00196,.00000,.07475,.09334
1977-10-10T23:00:00,239.000,.14598,.00192,.00000,.07308,.09154
1977-10-11T00:00:00,240.000,.14352,.00187,.00000,.07144,.08976
1977-10-11T01:00:00,241.000,.14109,.00182,.00000,.06984,.08801
1977-10-11T02:00:00,242.000,.13870,.00178,.00000,.06828,.08629
1977-10-11T03:00:00,243.000,.13634,.00174,.00000,.06675,.08459
1977-10-11T04:00:00,244.000,.13402,.00170,.00000,.06526,.08292
1977-10-11T05:00:00,245.000,.13173,.00166,.00000,.06381,.08128
1977-10-11T06:00:00,246.000,.12947,.00162,.00000,.06239,.07967
1977-10-11T07:00:00,247.000,.12725,.00158,.00000,.06101,.07809
1977-10-11T08:00:00,248.000,.12505,.00155,.00000,.05967,.07654
1977-10-11T09:00:00,249.000,.12289,.00151,.00000,.05836,.07502
1977-10-11T10:00:00,250.000,.12075,.00148,.00000,.05709,.07352
1977-10-11T11:00:00,251.000,.11865,.00145,.00000,.05585,.07206
1977-10-11T12:00:00,252.000,.11658,.00142,.00000,.05464,.07063
1977-10-11T13:00:00,253.000,.11454,.00139,.00000,.05347,.06924
1977-10-11T14:00:00,254.000,.11254,.00136,.00000,.05233,.06787
1977-10-11T15:00:00,255.000,.11056,.00133,.00000,.05122,.06653
1977-10-11T16:00:00,256.000,.10862,.00130,.00000,.05015,.06522
1977-10-11T17:00:00,257.000,.10671,.00128,.00000,.04910,.06394
1977-10-11T18:00:00,258.000,.10483,.00125,.00000,.04809,.06269
1977-10-11T19:00:00,259.000,.10299,.00123,.00000,.04710,.06148
1977-10-11T20:00:00,260.000,.10118,.00121,.00000,.04615,.06029
1977-10-11T21:00:00,261.000,.09940,.00118,.00000,.04522,.05913
1977-10-11T22:00:00,262.000,.09765,.00116,.00000,.04432,.05799
1977-10-11T23:00:00,263.000,.09594,.00114,.00000,.04344,.05689
1977-10-12T00:00:00,264.000,.09426,.00112,.00000,.04259,.05581
1977-10-12T01:00:00,265.000,.09261,.00110,.00000,.04177,.05476
1977-10-12T02:00:00,266.000,.09100,.00108,.00000,.04097,.05374
1977-10-12T03:00:00,267.000,.08942,.00106,.00000,.04020,.05274
1977-10-12T04:00:00,268.000,.08787,.00104,.00000,.03945,.05177
1977-10-12T05:00:00,269.000,.08635,.00103,.00000,.03872,.05083
1977-10-12T06:00:00,270.000,.08487,.00101,.00000,.03801,.04990
1977-10-12T07:00:00,271.000,.08341,.00099,.00000,.03733,.04900
1977-10-12T08:00:00,272.000,.08199,.00098,.00000,.03666,.04813
1977-10-12T09:00:00,273.000,.08060,.00096,.00000,.03602,.04728
1977-10-12T10:00:00,274.000,.07924,.00095,.00000,.03539,.04645
1977-10-12T11:00:00,275.000,.07791,.00093,.00000,.03479,.04564
1977-10-12T12:00:00,276.000,.07661,.00092,.00000,.03420,.04486
1977-10-12T13:00:00,277.000,.07533,.00090,.00000,.03363,.04409
1977-10-12T14:00:00,278.000,.07409,.00089,.00000,.03308,.04335
1977-10-12T15:00:00,279.000,.07288,.00088,.00000,.03254,.04262
1977-10-12T16:00:00,280.000,.07169,.00087,.00000,.03203,.04191
1977-10-12T17:00:00,281.000,.07053,.00085,.00000,.03152,.04123
1977-10-12T18:00:00,282.000,.06940,.00084,.00000,.03104,.04056
1977-10-12T19:00:00,283.000,.06829,.00083,.00000,.03056,.03991
1977-10-12T20:00:00,284.000,.06721,.00082,.00000,.03010,.03928
1977-10-12T21:00:00,285.000,.06615,.00081,.00000,.02966,.03866
1977-10-12T22:00:00,286.000,.06512,.00080,.00000,.02923,.03806
1977-10-12T23:00:00,287.000,.06412,.00079,.00000,.02881,.03748
1977-10-13T00:00:00,288.000,.06313,.00078,.00000,.02841,.03691
1977-10-13T01:00:00,289.000,.06217,.00077,.00000,.02801,.03636
1977-10-13T02:00:00,290.000,.06124,.00076,.00000,.02763,.03582
1977-10-13T03:00:00,291.000,.06032,.00075,.00000,.02726,.03530
1977-10-13T04:00:00,292.000,.05943,.00074,.00000,.02690,.03479
1977-10-13T05:00:00,293.000,.05856,.00074,.00000,.02656,.03430
1977-10-13T06:00:00,294.000,.05771,.00073,.00000,.02622,.03382
1977-10-13T07:00:00,295.000,.05688,.00072,.00000,.02589,.03335
1977-10-13T08:00:00,296.000,.05606,.00071,.00000,.02557,.03290
1977-10-13T09:00:00,297.000,.05527,.00070,.00000,.02527,.03245
1977-10-13T10:00:00,298.000,.05450,.00070,.00000,.02497,.03202
1977-10-13T11:00:00,299.000,.05375,.00069,.00000,.02468,.03160
1977-10-13T12:00:00,300.000,.05301,.00068,.00000,.02440,.03119
1977-10-13T13:00:00,301.000,.05229,.00068,.00000,.02413,.03080
1977-10-13T14:00:00,302.000,.05159,.00067,.00000,.02386,.03041
1977-10-13T15:00:00,303.000,.05091,.00066,.00000,.02361,.03004
1977-10-13T16:00:00,304.000,.05024,.00066,.00000,.02336,.02967
1977-10-13T17:00:00,305.000,.04959,.00065,.00000,.02312,.02931
1977-10-13T18:00:00,306.000,.04895,.00065,.00000,.02288,.02897
1977-10-13T19:00:00,307.000,.04833,.00064,.00000,.02266,.02863
1977-10-13T20:00:00,308.000,.04773,.00064,.00000,.02244,.02830
1977-10-13T21:00:00,309.000,.04714,.00063,.00000,.02222,.02798
1977-10-13T22:00:00,310.000,.04656,.00062,.00000,.02202,.02767
1977-10-13T23:00:00,311.000,.04599,.00062,.00000,.02181,.02737
1977-10-14T00:00:00,312.000,.04544,.00061,.00000,.02162,.02708
1977-10-14T01:00:00,313.000,.04491,.00061,.00000,.02143,.02679
1977-10-14T02:00:00,314.000,.04438,.00061,.00000,.02125,.02651
1977-10-14T03:00:00,315.000,.04387,.00060,.00000,.02107,.02624
1977-10-14T04:00:00,316.000,.04337,.00060,.00000,.02090,.02598
1977-10-14T05:00:00,317.000,.04289,.00059,.00000,.02073,.02572
1977-10-14T06:00:00,318.000,.04241,.00059,.00000,.02057,.02547
1977-10-14T07:00:00,319.000,.04195,.00058,.00000,.02041,.02523
1977-10-14T08:00:00,320.000,.04149,.00058,.00000,.02025,.02499
1977-10-14T09:00:00,321.000,.04105,.00058,.00000,.02011,.02476
1977-10-14T10:00:00,322.000,.04062,.00057,.00000,.01996,.02454
1977-10-14T11:00:00,323.000,.04019,.00057,.00000,.01982,.02432
1977-10-14T12:00:00,324.000,.03978,.00057,.00000,.01969,.02411
1977-10-14T13:00:00,325.000,.03938,.00056,.00000,.01955,.02390
1977-10-14T14:00:00,326.000,.03899,.00056,.00000,.01943,.02370
1977-10-14T15:00:00,327.000,.03860,.00055,.00000,.01930,.02351
1977-10-14T16:00:00,328.000,.03823,.00055,.00000,.01918,.02332
1977-10-14T17:00:00,329.000,.03836,.00065,.00000,.01947,.02358
1977-10-14T18:00:00,330.000,.05240,.00523,.00000,.03136,.03864
1977-10-14T19:00:00,331.000,.10737,.03823,.02640,.09782,.11129
1977-10-14T20:00:00,332.000,.17760,.17142,.11294,.44137,.18148
1977-10-14T21:00:00,333.000,.21632,.26423,.06406,1.10226,.18865
1977-10-14T22:00:00,334.000,.23639,.23021,.00287,1.53960,.20757
1977-10-14T23:00:00,335.000,.24999,.20845,.00000,1.67938,.33123
1977-10-15T00:00:00,336.000,.26825,.19637,.00000,1.70708,.61903
1977-10-15T01:00:00,337.000,.30997,.18073,.00000,1.72138,.99774
1977-10-15T02:00:00,338.000,.41076,.16099,.00000,1.75747,1.31562
1977-10-15T03:00:00,339.000,.58550,.14140,.00000,1.80944,1.51437
1977-10-15T04:00:00,340.000,.83679,.12232,.00000,1.86397,1.64503
1977-10-15T05:00:00,341.000,1.11783,.10520,.00000,1.90056,1.73402
1977-10-15T06:00:00,342.000,1.37294,.09074,.00000,1.90512,1.79670
1977-10-15T07:00:00,343.000,1.57835,.07905,.00000,1.87845,1.83639
1977-10-15T08:00:00,344.000,1.76175,.06842,.00000,1.82011,1.85527
1977-10-15T09:00:00,345.000,1.90029,.06035,.00000,1.74660,1.84910
1977-10-15T10:00:00,346.000,2.05391,.05231,.00000,1.65050,1.82999
1977-10-15T11:00:00,347.000,2.16630,.04647,.00000,1.55717,1.79445
1977-10-15T12:00:00,348.000,2.24940,.04136,.00000,1.45653,1.73853
1977-10-15T13:00:00,349.000,2.28855,.03689,.00000,1.35136,1.65997
1977-10-15T14:00:00,350.000,2.28110,.03301,.00000,1.24745,1.56549
1977-10-15T15:00:00,351.000,2.23911,.02972,.00000,1.15246,1.46932
1977-10-15T16:00:00,352.000,2.17368,.02690,.00000,1.06620,1.37633
1977-10-15T17:00:00,353.000,2.09169,.02443,.00000,.98664,1.28688
1977-10-15T18:00:00,354.000,1.99927,.02226,.00000,.91339,1.20202
1977-10-15T19:00:00,355.000,1.90130,.02034,.00000,.84611,1.12222
1977-10-15T20:00:00,356.000,1.80148,.01864,.00000,.78439,1.04763
1977-10-15T21:00:00,357.000,1.70243,.01713,.00000,.72784,.97819
1977-10-15T22:00:00,358.000,1.60592,.01578,.00000,.67605,.91372
1977-10-15T23:00:00,359.000,1.51313,.01458,.00000,.62862,.85398
1977-10-16T00:00:00,360.000,1.42473,.01350,.00000,.58516,.79867
1977-10-16T01:00:00,361.000,1.34108,.01252,.00000,.54532,.74752
1977-10-16T02:00:00,362.000,1.26231,.01165,.00000,.50877,.70021
1977-10-16T03:00:00,363.000,1.18839,.01085,.00000,.47520,.65646
1977-10-16T04:00:00,364.000,1.11921,.01013,.00000,.44437,.61600
1977-10-16T05:00:00,365.000,1.05456,.00948,.00000,.41602,.57857
1977-10-16T06:00:00,366.000,.99422,.00888,.00000,.38993,.54392
1977-10-16T07:00:00,367.000,.93795,.00834,.00000,.36592,.51182
1977-10-16T08:00:00,368.000,.88548,.00784,.00000,.34378,.48209
1977-10-16T09:00:00,369.000,.83658,.00738,.00000,.32337,.45451
1977-10-16T10:00:00,370.000,.79098,.00696,.00000,.30451,.42892
1977-10-16T11:00:00,371.000,.74847,.00657,.00000,.28708,.40516
1977-10-16T12:00:00,372.000,.70881,.00622,.00000,.27095,.38308
1977-10-16T13:00:00,373.000,.67180,.00589,.00000,.25600,.36254
1977-10-16T14:00:00,374.000,.63724,.00558,.00000,.24212,.34342
1977-10-16T15:00:00,375.000,.60496,.00530,.00000,.22923,.32561
1977-10-16T16:00:00,376.000,.57477,.00504,.00000,.21722,.30900
1977-10-16T17:00:00,377.000,.54653,.00480,.00000,.20603,.29349
1977-10-16T18:00:00,378.000,.52009,.00457,.00000,.19558,.27900
1977-10-16T19:00:00,379.000,.49532,.00436,.00000,.18582,.26545
1977-10-16T20:00:00,380.000,.47739,.00451,.00000,.17979,.25681
1977-10-16T21:00:00,381.000,.47796,.00546,.00000,.18350,.26130
1977-10-16T22:00:00,382.000,.48427,.00717,.00000,.19079,.27195
1977-10-16T23:00:00,383.000,.47545,.00731,.00000,.18619,.26627
1977-10-17T00:00:00,384.000,.45746,.00670,.00000,.17649,.25284
1977-10-17T01:00:00,385.000,.43971,.00618,.00000,.16781,.24054
1977-10-17T02:00:00,386.000,.42366,.00584,.00000,.16069,.23025
1977-10-17T03:00:00,387.000,.41920,.00640,.00000,.16093,.23022
1977-10-17T04:00:00,388.000,.41123,.00652,.00000,.15784,.22532
1977-10-17T05:00:00,389.000,.40406,.00667,.00000,.15537,.22125
1977-10-17T06:00:00,390.000,.39390,.00649,.00000,.15083,.21391
1977-10-17T07:00:00,391.000,.38481,.00646,.00000,.14764,.20827
1977-10-17T08:00:00,392.000,.39801,.00825,.00000,.15880,.22343
1977-10-17T09:00:00,393.000,.43124,.01201,.00000,.18162,.25549
1977-10-17T10:00:00,394.000,.45768,.02587,.00006,.20542,.27423
1977-10-17T11:00:00,395.000,.47658,.05159,.00694,.25775,.28158
1977-10-17T12:00:00,396.000,.48167,.08235,.00309,.33606,.27644
1977-10-17T13:00:00,397.000,.47586,.12363,.00000,.40370,.26976
1977-10-17T14:00:00,398.000,.46728,.18037,.00000,.46820,.27298
1977-10-17T15:00:00,399.000,.46063,.23894,.00000,.55254,.29124
1977-10-17T16:00:00,400.000,.45637,.28364,.00000,.66485,.32444
1977-10-17T17:00:00,401.000,.45388,.30880,.00000,.79640,.37506
1977-10-17T18:00:00,402.000,.45714,.31838,.00000,.92549,.44584
1977-10-17T19:00:00,403.000,.47055,.31810,.00000,1.04755,.54088
1977-10-17T20:00:00,404.000,.49735,.31138,.00000,1.15629,.65374
1977-10-17T21:00:00,405.000,.54715,.29961,.00000,1.26386,.79119
1977-10-17T22:00:00,406.000,.61417,.28698,.00000,1.35327,.91885
1977-10-17T23:00:00,407.000,.71455,.27196,.00000,1.44579,1.05827
1977-10-18T00:00:00,408.000,.82475,.25862,.00000,1.51802,1.17380
1977-10-18T01:00:00,409.000,.95362,.24516,.00000,1.57927,1.28228
1977-10-18T02:00:00,410.000,1.11168,.23032,.00000,1.62720,1.38877
1977-10-18T03:00:00,411.000,1.25906,.21726,.00000,1.64880,1.46794
1977-10-18T04:00:00,412.000,1.40300,.20463,.00000,1.65062,1.52887
1977-10-18T05:00:00,413.000,1.53818,.19249,.00000,1.63514,1.57102
1977-10-18T06:00:00,414.000,1.66073,.18078,.00000,1.60509,1.59478
1977-10-18T07:00:00,415.000,1.76629,.16952,.00000,1.56355,1.60117
1977-10-18T08:00:00,416.000,1.85169,.15872,.00000,1.51349,1.59203
1977-10-18T09:00:00,417.000,1.91515,.14841,.00000,1.45757,1.56970
1977-10-18T10:00:00,418.000,1.95642,.13858,.00000,1.39798,1.53669
1977-10-18T11:00:00,419.000,1.97912,.12924,.00000,1.33748,1.49747
1977-10-18T12:00:00,420.000,1.98981,.12037,.00000,1.27851,1.45733
1977-10-18T13:00:00,421.000,1.97892,.11198,.00000,1.21628,1.40752
1977-10-18T14:00:00,422.000,1.95408,.10404,.00000,1.15577,1.35490
1977-10-18T15:00:00,423.000,1.91494,.09655,.00000,1.09600,1.29829
1977-10-18T16:00:00,424.000,1.86577,.08949,.00000,1.03854,1.24067
1977-10-18T17:00:00,425.000,1.81000,.08284,.00000,.98380,1.18382
1977-10-18T18:00:00,426.000,1.74976,.07659,.00000,.93166,1.12834
1977-10-18T19:00:00,427.000,1.68677,.07072,.00000,.88204,1.07462
1977-10-18T20:00:00,428.000,1.62242,.06522,.00000,.83489,1.02291
1977-10-18T21:00:00,429.000,1.55778,.06007,.00000,.79016,.97331
1977-10-18T22:00:00,430.000,1.49366,.05526,.00000,.74776,.92587
1977-10-18T23:00:00,431.000,1.43065,.05077,.00000,.70763,.88059
1977-10-19T00:00:00,432.000,1.36918,.04659,.00000,.66966,.83744
1977-10-19T01:00:00,433.000,1.30952,.04272,.00000,.63377,.79638
1977-10-19T02:00:00,434.000,1.25188,.03917,.00000,.59989,.75734
1977-10-19T03:00:00,435.000,1.19637,.03591,.00000,.56793,.72025
1977-10-19T04:00:00,436.000,1.14306,.03293,.00000,.53781,.68505
1977-10-19T05:00:00,437.000,1.09197,.03022,.00000,.50948,.65166
1977-10-19T06:00:00,438.000,1.04308,.02775,.00000,.48285,.62002
1977-10-19T07:00:00,439.000,.99638,.02550,.00000,.45785,.59005
1977-10-19T08:00:00,440.000,.95182,.02346,.00000,.43438,.56170
1977-10-19T09:00:00,441.000,.90935,.02160,.00000,.41237,.53489
1977-10-19T10:00:00,442.000,.86889,.01990,.00000,.39173,.50955
1977-10-19T11:00:00,443.000,.83040,.01836,.00000,.37235,.48561
1977-10-19T12:00:00,444.000,.79378,.01695,.00000,.35416,.46300
1977-10-19T13:00:00,445.000,.75898,.01567,.00000,.33708,.44165
1977-10-19T14:00:00,446.000,.72592,.01451,.00000,.32102,.42150
1977-10-19T15:00:00,447.000,.69451,.01345,.00000,.30591,.40247
1977-10-19T16:00:00,448.000,.66469,.01249,.00000,.29169,.38450
1977-10-19T17:00:00,449.000,.63637,.01161,.00000,.27828,.36752
1977-10-19T18:00:00,450.000,.60987,.01084,.00000,.26586,.35177
1977-10-19T19:00:00,451.000,.59315,.01059,.00000,.25895,.34306
1977-10-19T20:00:00,452.000,.62844,.01380,.00000,.28439,.38000
1977-10-19T21:00:00,453.000,.69578,.01863,.00000,.32126,.44519
1977-10-19T22:00:00,454.000,.82662,.02841,.00000,.39474,.57419
1977-10-19T23:00:00,455.000,.97277,.04351,.00000,.44420,.66347
1977-10-20T00:00:00,456.000,1.02218,.08326,.00000,.42425,.63076
1977-10-20T01:00:00,457.000,1.02482,.19172,.00000,.40589,.58347
1977-10-20T02:00:00,458.000,1.00868,.36009,.00000,.40963,.54384
1977-10-20T03:00:00,459.000,.97902,.51065,.00000,.43549,.51030
1977-10-20T04:00:00,460.000,.94179,.60626,.00000,.49111,.48489
1977-10-20T05:00:00,461.000,.90227,.64976,.00000,.61575,.47132
1977-10-20T06:00:00,462.000,.87084,.65780,.00000,.93500,.47879
1977-10-20T07:00:00,463.000,.87561,.64599,.00000,1.66936,.53863
1977-10-20T08:00:00,464.000,1.00138,.62426,.00000,2.77187,.74165
1977-10-20T09:00:00,465.000,1.36906,.59897,.00000,3.82560,1.21412
1977-10-20T10:00:00,466.000,2.24742,.56862,.00000,4.59090,2.18470
1977-10-20T11:00:00,467.000,3.33154,.54262,.00000,4.87536,3.13642
1977-10-20T12:00:00,468.000,4.67927,.51469,.00000,4.91040,3.96003
1977-10-20T13:00:00,469.000,5.94181,.48712,.00000,4.77203,4.43683
1977-10-20T14:00:00,470.000,6.79551,.46414,.00000,4.56801,4.59504
1977-10-20T15:00:00,471.000,7.27852,.45006,.00000,4.38539,4.60240
1977-10-20T16:00:00,472.000,7.54548,.45605,.00000,4.25449,4.54240
1977-10-20T17:00:00,473.000,7.63402,.48492,.00835,4.20692,4.41787
1977-10-20T18:00:00,474.000,7.52581,.60164,.07548,4.64371,4.32300
1977-10-20T19:00:00,475.000,7.34437,.86752,.17750,6.59369,4.49949
1977-10-20T20:00:00,476.000,7.31685,1.07243,.18735,10.05683,5.63699
1977-10-20T21:00:00,477.000,7.91831,1.05407,.13497,12.70251,8.19354
1977-10-20T22:00:00,478.000,9.56204,.95612,.09496,13.91871,11.04420
1977-10-20T23:00:00,479.000,12.07900,.84303,.06589,14.13397,12.98849
1977-10-21T00:00:00,480.000,14.19624,.74809,.04683,13.70895,13.67260
1977-10-21T01:00:00,481.000,15.46131,.66855,.03354,12.92579,13.58063
1977-10-21T02:00:00,482.000,15.86934,.60543,.02426,11.99593,13.04263
1977-10-21T03:00:00,483.000,15.60218,.54957,.01691,10.93340,12.18577
1977-10-21T04:00:00,484.000,14.98868,.50809,.01215,10.03117,11.34503
1977-10-21T05:00:00,485.000,14.08165,.46743,.00808,9.08446,10.39078
1977-10-21T06:00:00,486.000,13.19942,.43614,.00532,8.33037,9.58931
1977-10-21T07:00:00,487.000,12.26607,.40687,.00312,7.61743,8.80745
1977-10-21T08:00:00,488.000,11.27289,.37820,.00143,6.91818,8.02269
1977-10-21T09:00:00,489.000,10.44062,.35534,.00047,6.36284,7.38997
1977-10-21T10:00:00,490.000,9.66618,.33459,.00000,5.86200,6.81446
1977-10-21T11:00:00,491.000,8.96549,.31613,.00000,5.41802,6.30164
1977-10-21T12:00:00,492.000,8.32727,.29945,.00000,5.01866,5.83929
1977-10-21T13:00:00,493.000,7.75514,.28398,.00000,4.66029,5.42722
1977-10-21T14:00:00,494.000,7.25388,.26984,.00000,4.33946,5.06573
1977-10-21T15:00:00,495.000,6.80120,.25720,.00000,4.04514,4.73598
1977-10-21T16:00:00,496.000,6.46326,.24777,.00000,3.81897,4.48937
1977-10-21T17:00:00,497.000,6.22796,.24073,.00000,3.64171,4.32083
1977-10-21T18:00:00,498.000,6.03783,.23830,.00000,3.45076,4.17885
1977-10-21T19:00:00,499.000,5.93445,.25533,.00000,3.26876,4.07631
1977-10-21T20:00:00,500.000,5.75373,.33671,.00000,3.02909,3.84542
1977-10-21T21:00:00,501.000,5.43469,.55744,.00000,2.82194,3.51259
1977-10-21T22:00:00,502.000,5.07510,.89090,.00000,2.81317,3.21710
1977-10-21T23:00:00,503.000,4.75541,1.17427,.00000,3.73531,3.06537
1977-10-22T00:00:00,504.000,4.65431,1.32775,.00000,7.41165,3.44900
1977-10-22T01:00:00,505.000,5.43777,1.37403,.00000,13.35590,5.62885
1977-10-22T02:00:00,506.000,8.65769,1.36007,.00000,17.57805,10.50896
1977-10-22T03:00:00,507.000,15.02678,1.31718,.00000,18.85317,15.29695
1977-10-22T04:00:00,508.000,21.55731,1.26371,.00000,18.42864,17.54443
1977-10-22T05:00:00,509.000,25.44723,1.21152,.00000,17.43758,17.92622
1977-10-22T06:00:00,510.000,27.09736,1.15144,.00000,16.05661,17.25934
1977-10-22T07:00:00,511.000,26.92090,1.10200,.00000,14.87754,16.30306
1977-10-22T08:00:00,512.000,25.89959,1.04958,.00000,13.64948,15.13695
1977-10-22T09:00:00,513.000,24.43992,.99782,.00000,12.48466,13.94227
1977-10-22T10:00:00,514.000,22.97966,.95214,.00000,11.50611,12.90073
1977-10-22T11:00:00,515.000,21.51755,.90791,.00000,10.60349,11.92372
1977-10-22T12:00:00,516.000,20.12118,.86562,.00000,9.78215,11.02638
1977-10-22T13:00:00,517.000,18.83012,.82580,.00000,9.04532,10.21718
1977-10-22T14:00:00,518.000,17.62738,.78770,.00000,8.37289,9.47641
1977-10-22T15:00:00,519.000,16.51058,.75122,.00000,7.75798,8.79763
1977-10-22T16:00:00,520.000,15.47499,.71629,.00000,7.19480,8.17509
1977-10-22T17:00:00,521.000,14.51488,.68285,.00000,6.67823,7.60346
1977-10-22T18:00:00,522.000,13.62427,.65082,.00000,6.20378,7.07796
1977-10-22T19:00:00,523.000,12.79742,.62015,.00000,5.76746,6.59423
1977-10-22T20:00:00,524.000,12.02897,.59078,.00000,5.36579,6.14850
1977-10-22T21:00:00,525.000,11.31407,.56267,.00000,4.99582,5.73735
1977-10-22T22:00:00,526.000,10.64832,.53577,.00000,4.65484,5.35773
1977-10-22T23:00:00,527.000,10.02774,.51003,.00000,4.34028,5.00695
1977-10-23T00:00:00,528.000,9.44883,.48543,.00000,4.04989,4.68257
1977-10-23T01:00:00,529.000,8.90844,.46200,.00000,3.78165,4.38238
1977-10-23T02:00:00,530.000,8.40347,.43976,.00000,3.53373,4.10435
1977-10-23T03:00:00,531.000,7.93113,.41864,.00000,3.30446,3.84667
1977-10-23T04:00:00,532.000,7.48910,.39860,.00000,3.09229,3.60770
1977-10-23T05:00:00,533.000,7.07524,.37956,.00000,2.89581,3.38595
1977-10-23T06:00:00,534.000,6.68759,.36146,.00000,2.71377,3.18004
1977-10-23T07:00:00,535.000,6.32434,.34423,.00000,2.54497,2.98872
1977-10-23T08:00:00,536.000,5.98383,.32782,.00000,2.38834,2.81085
1977-10-23T09:00:00,537.000,5.66448,.31218,.00000,2.24286,2.64535
1977-10-23T10:00:00,538.000,5.36482,.29726,.00000,2.10761,2.49124
1977-10-23T11:00:00,539.000,5.08349,.28304,.00000,1.98177,2.34764
1977-10-23T12:00:00,540.000,4.81919,.26946,.00000,1.86459,2.21373
1977-10-23T13:00:00,541.000,4.57072,.25651,.00000,1.75537,2.08874
1977-10-23T14:00:00,542.000,4.33696,.24416,.00000,1.65347,1.97199
1977-10-23T15:00:00,543.000,4.11686,.23239,.00000,1.55834,1.86286
1977-10-23T16:00:00,544.000,3.90947,.22117,.00000,1.46946,1.76076
1977-10-23T17:00:00,545.000,3.71390,.21050,.00000,1.38637,1.66516
1977-10-23T18:00:00,546.000,3.52934,.20035,.00000,1.30864,1.57559
1977-10-23T19:00:00,547.000,3.35507,.19071,.00000,1.23588,1.49162
1977-10-23T20:00:00,548.000,3.19039,.18157,.00000,1.16775,1.41284
1977-10-23T21:00:00,549.000,3.03470,.17289,.00000,1.10391,1.33889
1977-10-23T22:00:00,550.000,2.88743,.16464,.00000,1.04406,1.26943
1977-10-23T23:00:00,551.000,2.74806,.15678,.00000,.98794,1.20416
1977-10-24T00:00:00,552.000,2.61614,.14930,.00000,.93530,1.14279
1977-10-24T01:00:00,553.000,2.49125,.14217,.00000,.88589,1.08507
1977-10-24T02:00:00,554.000,2.37293,.13539,.00000,.83949,1.03075
1977-10-24T03:00:00,555.000,2.26075,.12894,.00000,.79590,.97960
1977-10-24T04:00:00,556.000,2.15439,.12281,.00000,.75494,.93143
1977-10-24T05:00:00,557.000,2.05353,.11697,.00000,.71643,.88603
1977-10-24T06:00:00,558.000,1.95787,.11141,.00000,.68020,.84324
1977-10-24T07:00:00,559.000,1.86712,.10611,.00000,.64611,.80288
1977-10-24T08:00:00,560.000,1.78102,.10106,.00000,.61400,.76479
1977-10-24T09:00:00,561.000,1.69933,.09623,.00000,.58376,.72884
1977-10-24T10:00:00,562.000,1.62181,.09162,.00000,.55526,.69488
1977-10-24T11:00:00,563.000,1.54823,.08721,.00000,.52838,.66280
1977-10-24T12:00:00,564.000,1.47839,.08299,.00000,.50304,.63247
1977-10-24T13:00:00,565.000,1.41208,.07895,.00000,.47912,.60379
1977-10-24T14:00:00,566.000,1.34912,.07509,.00000,.45654,.57666
1977-10-24T15:00:00,567.000,1.28933,.07140,.00000,.43523,.55098
1977-10-24T16:00:00,568.000,1.23254,.06786,.00000,.41511,.52667
1977-10-24T17:00:00,569.000,1.17861,.06448,.00000,.39610,.50364
1977-10-24T18:00:00,570.000,1.12737,.06124,.00000,.37814,.48182
1977-10-24T19:00:00,571.000,1.07870,.05814,.00000,.36117,.46114
1977-10-24T20:00:00,572.000,1.03245,.05517,.00000,.34512,.44154
1977-10-24T21:00:00,573.000,.98850,.05233,.00000,.32994,.42295
1977-10-24T22:00:00,574.000,.94672,.04962,.00000,.31557,.40531
1977-10-24T23:00:00,575.000,.90701,.04703,.00000,.30197,.38857
1977-10-25T00:00:00,576.000,.86926,.04456,.00000,.28908,.37268
1977-10-25T01:00:00,577.000,.83345,.04220,.00000,.27687,.35759
1977-10-25T02:00:00,578.000,.79946,.03996,.00000,.26529,.34325
1977-10-25T03:00:00,579.000,.76704,.03785,.00000,.25430,.32963
1977-10-25T04:00:00,580.000,.73615,.03586,.00000,.24388,.31667
1977-10-25T05:00:00,581.000,.70673,.03398,.00000,.23398,.30434
1977-10-25T06:00:00,582.000,.67870,.03221,.00000,.22457,.29261
1977-10-25T07:00:00,583.000,.65200,.03055,.00000,.21564,.28145
1977-10-25T08:00:00,584.000,.62656,.02898,.00000,.20714,.27081
1977-10-25T09:00:00,585.000,.60231,.02750,.00000,.19905,.26068
1977-10-25T10:00:00,586.000,.57920,.02611,.00000,.19136,.25102
1977-10-25T11:00:00,587.000,.55716,.02479,.00000,.18404,.24181
1977-10-25T12:00:00,588.000,.53614,.02355,.00000,.17706,.23302
1977-10-25T13:00:00,589.000,.51608,.02237,.00000,.17042,.22464
1977-10-25T14:00:00,590.000,.49851,.02125,.00000,.16473,.21772
1977-10-25T15:00:00,591.000,.48342,.02020,.00000,.15975,.21210
1977-10-25T16:00:00,592.000,.46762,.01919,.00000,.15403,.20553
1977-10-25T17:00:00,593.000,.45103,.01824,.00000,.14795,.19823
1977-10-25T18:00:00,594.000,.43510,.01733,.00000,.14235,.19133
1977-10-25T19:00:00,595.000,.41982,.01646,.00000,.13711,.18469
1977-10-25T20:00:00,596.000,.40515,.01564,.00000,.13218,.17831
1977-10-25T21:00:00,597.000,.39109,.01485,.00000,.12751,.17218
1977-10-25T22:00:00,598.000,.37759,.01410,.00000,.12309,.16631
1977-10-25T23:00:00,599.000,.36464,.01339,.00000,.11887,.16068
1977-10-26T00:00:00,600.000,.35219,.01271,.00000,.11486,.15530
1977-10-26T01:00:00,601.000,.34024,.01205,.00000,.11104,.15015
1977-10-26T02:00:00,602.000,.32879,.01143,.00000,.10739,.14523
1977-10-26T03:00:00,603.000,.31781,.01083,.00000,.10390,.14053
1977-10-26T04:00:00,604.000,.30729,.01026,.00000,.10056,.13604
1977-10-26T05:00:00,605.000,.29720,.00972,.00000,.09738,.13175
1977-10-26T06:00:00,606.000,.28752,.00920,.00000,.09433,.12765
1977-10-26T07:00:00,607.000,.27825,.00871,.00000,.09141,.12373
1977-10-26T08:00:00,608.000,.26935,.00825,.00000,.08862,.11997
1977-10-26T09:00:00,609.000,.26082,.00781,.00000,.08595,.11638
1977-10-26T10:00:00,610.000,.25264,.00740,.00000,.08339,.11294
1977-10-26T11:00:00,611.000,.24480,.00701,.00000,.08094,.10964
1977-10-26T12:00:00,612.000,.23727,.00665,.00000,.07859,.10648
1977-10-26T13:00:00,613.000,.23004,.00631,.00000,.07634,.10344
1977-10-26T14:00:00,614.000,.22311,.00599,.00000,.07418,.10053
1977-10-26T15:00:00,615.000,.21646,.00569,.00000,.07211,.09773
1977-10-26T16:00:00,616.000,.21007,.00541,.00000,.07013,.09505
1977-10-26T17:00:00,617.000,.20393,.00515,.00000,.06822,.09247
1977-10-26T18:00:00,618.000,.19803,.00490,.00000,.06640,.08999
1977-10-26T19:00:00,619.000,.19236,.00467,.00000,.06465,.08760
1977-10-26T20:00:00,620.000,.18692,.00446,.00000,.06296,.08531
1977-10-26T21:00:00,621.000,.18168,.00425,.00000,.06135,.08310
1977-10-26T22:00:00,622.000,.17664,.00406,.00000,.05980,.08098
1977-10-26T23:00:00,623.000,.17180,.00389,.00000,.05831,.07894
1977-10-27T00:00:00,624.000,.16713,.00372,.00000,.05688,.07697
1977-10-27T01:00:00,625.000,.16264,.00356,.00000,.05551,.07508
1977-10-27T02:00:00,626.000,.15832,.00341,.00000,.05418,.07325
1977-10-27T03:00:00,627.000,.15416,.00328,.00000,.05292,.07149
1977-10-27T04:00:00,628.000,.15015,.00315,.00000,.05169,.06980
1977-10-27T05:00:00,629.000,.14629,.00302,.00000,.05052,.06816
1977-10-27T06:00:00,630.000,.14256,.00291,.00000,.04939,.06659
1977-10-27T07:00:00,631.000,.13897,.00280,.00000,.04830,.06507
1977-10-27T08:00:00,632.000,.13551,.00269,.00000,.04726,.06361
1977-10-27T09:00:00,633.000,.13217,.00260,.00000,.04625,.06219
1977-10-27T10:00:00,634.000,.12895,.00251,.00000,.04528,.06083
1977-10-27T11:00:00,635.000,.12585,.00242,.00000,.04435,.05952
1977-10-27T12:00:00,636.000,.12285,.00234,.00000,.04345,.05825
1977-10-27T13:00:00,637.000,.11995,.00226,.00000,.04259,.05702
1977-10-27T14:00:00,638.000,.11715,.00219,.00000,.04176,.05584
1977-10-27T15:00:00,639.000,.11445,.00212,.00000,.04095,.05470
1977-10-27T16:00:00,640.000,.11184,.00205,.00000,.04018,.05359
1977-10-27T17:00:00,641.000,.10932,.00199,.00000,.03943,.05253
1977-10-27T18:00:00,642.000,.10689,.00193,.00000,.03871,.05150
1977-10-27T19:00:00,643.000,.10453,.00187,.00000,.03802,.05050
1977-10-27T20:00:00,644.000,.10226,.00182,.00000,.03735,.04954
1977-10-27T21:00:00,645.000,.10006,.00177,.00000,.03671,.04861
1977-10-27T22:00:00,646.000,.09793,.00172,.00000,.03608,.04771
1977-10-27T23:00:00,647.000,.09587,.00167,.00000,.03548,.04684
1977-10-28T00:00:00,648.000,.09388,.00163,.00000,.03490,.04600
1977-10-28T01:00:00,649.000,.09195,.00158,.00000,.03434,.04519
1977-10-28T02:00:00,650.000,.09009,.00154,.00000,.03380,.04440
1977-10-28T03:00:00,651.000,.08828,.00151,.00000,.03328,.04364
1977-10-28T04:00:00,652.000,.08653,.00147,.00000,.03278,.04290
1977-10-28T05:00:00,653.000,.08484,.00143,.00000,.03229,.04219
1977-10-28T06:00:00,654.000,.08320,.00140,.00000,.03182,.04150
1977-10-28T07:00:00,655.000,.08161,.00137,.00000,.03137,.04083
1977-10-28T08:00:00,656.000,.08007,.00134,.00000,.03093,.04018
1977-10-28T09:00:00,657.000,.07858,.00131,.00000,.03051,.03956
1977-10-28T10:00:00,658.000,.07714,.00128,.00000,.03010,.03895
1977-10-28T11:00:00,659.000,.07574,.00125,.00000,.02970,.03836
1977-10-28T12:00:00,660.000,.07438,.00123,.00000,.02932,.03779
1977-10-28T13:00:00,661.000,.07306,.00120,.00000,.02895,.03724
1977-10-28T14:00:00,662.000,.07179,.00118,.00000,.02859,.03671
1977-10-28T15:00:00,663.000,.07055,.00116,.00000,.02825,.03619
1977-10-28T16:00:00,664.000,.06935,.00114,.00000,.02791,.03569
1977-10-28T17:00:00,665.000,.06818,.00112,.00000,.02759,.03520
1977-10-28T18:00:00,666.000,.06705,.00110,.00000,.02728,.03473
1977-10-28T19:00:00,667.000,.06596,.00108,.00000,.02697,.03427
1977-10-28T20:00:00,668.000,.06489,.00106,.00000,.02668,.03383
1977-10-28T21:00:00,669.000,.06386,.00104,.00000,.02640,.03340
1977-10-28T22:00:00,670.000,.06286,.00102,.00000,.02612,.03298
1977-10-28T23:00:00,671.000,.06188,.00101,.00000,.02586,.03258
1977-10-29T00:00:00,672.000,.06094,.00099,.00000,.02560,.03218
1977-10-29T01:00:00,673.000,.06002,.00098,.00000,.02535,.03180
1977-10-29T02:00:00,674.000,.05913,.00096,.00000,.02511,.03143
1977-10-29T03:00:00,675.000,.05826,.00095,.00000,.02488,.03108
1977-10-29T04:00:00,676.000,.05742,.00093,.00000,.02465,.03073
1977-10-29T05:00:00,677.000,.05660,.00092,.00000,.02443,.03039
1977-10-29T06:00:00,678.000,.05581,.00091,.00000,.02422,.03006
1977-10-29T07:00:00,679.000,.05504,.00089,.00000,.02401,.02975
1977-10-29T08:00:00,680.000,.05429,.00088,.00000,.02382,.02944
1977-10-29T09:00:00,681.000,.05356,.00087,.00000,.02362,.02914
1977-10-29T10:00:00,682.000,.05285,.00086,.00000,.02344,.02885
1977-10-29T11:00:00,683.000,.05216,.00085,.00000,.02326,.02857
1977-10-29T12:00:00,684.000,.05149,.00084,.00000,.02308,.02829
1977-10-29T13:00:00,685.000,.05084,.00083,.00000,.02291,.02803
1977-10-29T14:00:00,686.000,.05020,.00082,.00000,.02275,.02777
1977-10-29T15:00:00,687.000,.04959,.00081,.00000,.02259,.02752
1977-10-29T16:00:00,688.000,.04899,.00080,.00000,.02243,.02727
1977-10-29T17:00:00,689.000,.04840,.00079,.00000,.02228,.02704
1977-10-29T18:00:00,690.000,.04784,.00079,.00000,.02214,.02681
1977-10-29T19:00:00,691.000,.04728,.00078,.00000,.02200,.02659
1977-10-29T20:00:00,692.000,.04675,.00077,.00000,.02186,.02637
1977-10-29T21:00:00,693.000,.04622,.00076,.00000,.02173,.02616
1977-10-29T22:00:00,694.000,.04571,.00076,.00000,.02160,.02595
1977-10-29T23:00:00,695.000,.04522,.00075,.00000,.02148,.02576
1977-10-30T00:00:00,696.000,.04474,.00074,.00000,.02136,.02556
1977-10-30T01:00:00,697.000,.04427,.00073,.00000,.02124,.02538
1977-10-30T02:00:00,698.000,.04381,.00073,.00000,.02113,.02520
1977-10-30T03:00:00,699.000,.04337,.00072,.00000,.02102,.02502
1977-10-30T04:00:00,700.000,.04293,.00072,.00000,.02091,.02485
1977-10-30T05:00:00,701.000,.04251,.00071,.00000,.02081,.02468
1977-10-30T06:00:00,702.000,.04210,.00070,.00000,.02071,.02452
1977-10-30T07:00:00,703.000,.04170,.00070,.00000,.02062,.02436
1977-10-30T08:00:00,704.000,.04131,.00069,.00000,.02052,.02421
1977-10-30T09:00:00,705.000,.04093,.00069,.00000,.02043,.02406
1977-10-30T10:00:00,706.000,.04056,.00068,.00000,.02034,.02392
1977-10-30T11:00:00,707.000,.04020,.00068,.00000,.02026,.02378
1977-10-30T12:00:00,708.000,.03985,.00068,.00000,.02018,.02364
1977-10-30T13:00:00,709.000,.03951,.00067,.00000,.02010,.02351
1977-10-30T14:00:00,710.000,.03918,.00067,.00000,.02002,.02338
1977-10-30T15:00:00,711.000,.03885,.00066,.00000,.01994,.02326
1977-10-30T16:00:00,712.000,.03854,.00066,.00000,.01987,.02314
1977-10-30T17:00:00,713.000,.03823,.00065,.00000,.01980,.02302
1977-10-30T18:00:00,714.000,.03793,.00065,.00000,.01973,.02290
1977-10-30T19:00:00,715.000,.03763,.00065,.00000,.01966,.02279
1977-10-30T20:00:00,716.000,.03735,.00064,.00000,.01960,.02269
1977-10-30T21:00:00,717.000,.03707,.00064,.00000,.01954,.02258
1977-10-30T22:00:00,718.000,.03680,.00064,.00000,.01948,.02248
1977-10-30T23:00:00,719.000,.03654,.00063,.00000,.01942,.02238
1977-10-31T00:00:00,720.000,.03628,.00063,.00000,.01936,.02228
1977-10-31T01:00:00,721.000,.03603,.00063,.00000,.01931,.02219
1977-10-31T02:00:00,722.000,.03579,.00062,.00000,.01925,.02210
1977-10-31T03:00:00,723.000,.03555,.00062,.00000,.01920,.02201
1977-10-31T04:00:00,724.000,.03532,.00062,.00000,.01915,.02193
1977-10-31T05:00:00,725.000,.03509,.00061,.00000,.01910,.02185
1977-10-31T06:00:00,726.000,.03487,.00061,.00000,.01905,.02176
1977-10-31T07:00:00,727.000,.03465,.00061,.00000,.01901,.02169
1977-10-31T08:00:00,728.000,.03444,.00061,.00000,.01896,.02161
1977-10-31T09:00:00,729.000,.03424,.00060,.00000,.01892,.02154
1977-10-31T10:00:00,730.000,.03404,.00060,.00000,.01888,.02147
1977-10-31T11:00:00,731.000,.03385,.00060,.00000,.01884,.02140
1977-10-31T12:00:00,732.000,.03366,.00060,.00000,.01880,.02133
1977-10-31T13:00:00,733.000,.03347,.00060,.00000,.01876,.02126
1977-10-31T14:00:00,734.000,.03329,.00059,.00000,.01873,.02120
1977-10-31T15:00:00,735.000,.03312,.00059,.00000,.01869,.02114
1977-10-31T16:00:00,736.000,.03295,.00059,.00000,.01866,.02108
1977-10-31T17:00:00,737.000,.03278,.00059,.00000,.01862,.02102
1977-10-31T18:00:00,738.000,.03262,.00059,.00000,.01859,.02096
1977-10-31T19:00:00,739.000,.03246,.00058,.00000,.01856,.02091
1977-10-31T20:00:00,740.000,.03230,.00058,.00000,.01853,.02085
1977-10-31T21:00:00,741.000,.03215,.00058,.00000,.01850,.02080
1977-10-31T22:00:00,742.000,.03200,.00058,.00000,.01847,.02075
1977-10-31T23:00:00,743.000,.03186,.00058,.00000,.01844,.02070
1977-11-01T00:00:00,744.000,.03172,.00058,.00000,.01841,.02066
1977-11-01T01:00:00,745.000,.03161,.00057,.00000,.01839,.02061
1977-11-01T02:00:00,746.000,.03152,.00057,.00000,.01836,.02057
1977-11-01T03:00:00,747.000,.03142,.00057,.00000,.01834,.02052
1977-11-01T04:00:00,748.000,.03133,.00057,.00000,.01831,.02048
1977-11-01T05:00:00,749.000,.03122,.00057,.00000,.01829,.02044
1977-11-01T06:00:00,750.000,.03112,.00057,.00000,.01827,.02040
1977-11-01T07:00:00,751.000,.03102,.00057,.00000,.01825,.02036
1977-11-01T08:00:00,752.000,.03091,.00056,.00000,.01823,.02032
1977-11-01T09:00:00,753.000,.03081,.00056,.00000,.01821,.02029
1977-11-01T10:00:00,754.000,.03071,.00056,.00000,.01819,.02025
1977-11-01T11:00:00,755.000,.03061,.00056,.00000,.01817,.02022
1977-11-01T12:00:00,756.000,.03051,.00056,.00000,.01815,.02019
1977-11-01T13:00:00,757.000,.03041,.00056,.00000,.01813,.02015
1977-11-01T14:00:00,758.000,.03032,.00056,.00000,.01811,.02012
1977-11-01T15:00:00,759.000,.03022,.00056,.00000,.01810,.02009
1977-11-01T16:00:00,760.000,.03013,.00056,.00000,.01808,.02006
1977-11-01T17:00:00,761.000,.03004,.00055,.00000,.01806,.02003
1977-11-01T18:00:00,762.000,.02995,.00055,.00000,.01805,.02001
1977-11-01T19:00:00,763.000,.02987,.00055,.00000,.01803,.01998
1977-11-01T20:00:00,764.000,.02978,.00055,.00000,.01802,.01995
1977-11-01T21:00:00,765.000,.02970,.00055,.00000,.01800,.01993
1977-11-01T22:00:00,766.000,.02962,.00055,.00000,.01799,.01990
1977-11-01T23:00:00,767.000,.02954,.00055,.00000,.01798,.01988
1977-11-02T00:00:00,768.000,.02944,.00055,.00000,.01797,.01986
1977-11-02T01:00:00,769.000,.02932,.00055,.00000,.01795,.01984
1977-11-02T02:00:00,770.000,.02922,.00055,.00000,.01794,.01981
1977-11-02T03:00:00,771.000,.02912,.00055,.00000,.01793,.01979
1977-11-02T04:00:00,772.000,.02903,.00055,.00000,.01792,.01977
1977-11-02T05:00:00,773.000,.02894,.00054,.00000,.01791,.01975
1977-11-02T06:00:00,774.000,.02886,.00054,.00000,.01790,.01973
1977-11-02T07:00:00,775.000,.02879,.00054,.00000,.01789,.01971
1977-11-02T08:00:00,776.000,.02872,.00054,.00000,.01788,.01970
1977-11-02T09:00:00,777.000,.02865,.00054,.00000,.01787,.01968
1977-11-02T10:00:00,778.000,.02858,.00054,.00000,.01786,.01966
1977-11-02T11:00:00,779.000,.02852,.00054,.00000,.01785,.01965
1977-11-02T12:00:00,780.000,.02846,.00054,.00000,.01784,.01963
1977-11-02T13:00:00,781.000,.02840,.00054,.00000,.01783,.01961
1977-11-02T14:00:00,782.000,.02834,.00054,.00000,.01782,.01960
1977-11-02T15:00:00,783.000,.02829,.00054,.00000,.01781,.01958
1977-11-02T16:00:00,784.000,.02824,.00054,.00000,.01780,.01957
1977-11-02T17:00:00,785.000,.02819,.00054,.00000,.01780,.01956
1977-11-02T18:00:00,786.000,.02814,.00054,.00000,.01779,.01954
1977-11-02T19:00:00,787.000,.02809,.00054,.00000,.01778,.01953
1977-11-02T20:00:00,788.000,.02804,.00054,.00000,.01777,.01952
1977-11-02T21:00:00,789.000,.02800,.00054,.00000,.01777,.01950
1977-11-02T22:00:00,790.000,.02795,.00053,.00000,.01776,.01949
1977-11-02T23:00:00,791.000,.02791,.00053,.00000,.01775,.01948
1977-11-03T00:00:00,792.000,.02786,.00053,.00000,.01775,.01947
1977-11-03T01:00:00,793.000,.02782,.00053,.00000,.01774,.01946
1977-11-03T02:00:00,794.000,.02778,.00053,.00000,.01774,.01945
1977-11-03T03:00:00,795.000,.02774,.00053,.00000,.01773,.01944
1977-11-03T04:00:00,796.000,.02771,.00053,.00000,.01772,.01943
1977-11-03T05:00:00,797.000,.02767,.00053,.00000,.01772,.01942
1977-11-03T06:00:00,798.000,.02763,.00053,.00000,.01771,.01941
1977-11-03T07:00:00,799.000,.02760,.00053,.00000,.01771,.01940
1977-11-03T08:00:00,800.000,.02756,.00053,.00000,.01770,.01939
1977-11-03T09:00:00,801.000,.02753,.00053,.00000,.01770,.01938
1977-11-03T10:00:00,802.000,.02749,.00053,.00000,.01769,.01937
1977-11-03T11:00:00,803.000,.02746,.00053,.00000,.01769,.01936
1977-11-03T12:00:00,804.000,.02743,.00053,.00000,.01768,.01936
1977-11-03T13:00:00,805.000,.02740,.00053,.00000,.01768,.01935
1977-11-03T14:00:00,806.000,.02737,.00053,.00000,.01767,.01934
1977-11-03T15:00:00,807.000,.02734,.00053,.00000,.01767,.01933
1977-11-03T16:00:00,808.000,.02731,.00053,.00000,.01766,.01933
1977-11-03T17:00:00,809.000,.02729,.00053,.00000,.01766,.01932
1977-11-03T18:00:00,810.000,.02726,.00053,.00000,.01765,.01931
1977-11-03T19:00:00,811.000,.02723,.00053,.00000,.01765,.01931
1977-11-03T20:00:00,812.000,.02721,.00053,.00000,.01765,.01930
1977-11-03T21:00:00,813.000,.02718,.00053,.00000,.01764,.01929
1977-11-03T22:00:00,814.000,.02716,.00053,.00000,.01764,.01929
1977-11-03T23:00:00,815.000,.02713,.00053,.00000,.01763,.01928
1977-11-04T00:00:00,816.000,.02711,.00053,.00000,.01763,.01927
1977-11-04T01:00:00,817.000,.02708,.00053,.00000,.01763,.01927
1977-11-04T02:00:00,818.000,.02706,.00053,.00000,.01762,.01926
1977-11-04T03:00:00,819.000,.02704,.00053,.00000,.01762,.01926
1977-11-04T04:00:00,820.000,.02702,.00052,.00000,.01762,.01925
1977-11-04T05:00:00,821.000,.02700,.00052,.00000,.01761,.01925
1977-11-04T06:00:00,822.000,.02698,.00052,.00000,.01761,.01924
1977-11-04T07:00:00,823.000,.02696,.00052,.00000,.01760,.01924
1977-11-04T08:00:00,824.000,.02694,.00052,.00000,.01760,.01923
1977-11-04T09:00:00,825.000,.02692,.00052,.00000,.01760,.01923
1977-11-04T10:00:00,826.000,.02690,.00052,.00000,.01759,.01922
1977-11-04T11:00:00,827.000,.02688,.00052,.00000,.01759,.01922
1977-11-04T12:00:00,828.000,.02686,.00052,.00000,.01759,.01921
1977-11-04T13:00:00,829.000,.02685,.00052,.00000,.01759,.01921
1977-11-04T14:00:00,830.000,.02683,.00052,.00000,.01758,.01920
1977-11-04T15:00:00,831.000,.02681,.00052,.00000,.01758,.01920
1977-11-04T16:00:00,832.000,.02680,.00052,.00000,.01758,.01919
1977-11-04T17:00:00,833.000,.02678,.00052,.00000,.01757,.01919
1977-11-04T18:00:00,834.000,.02677,.00052,.00000,.01757,.01919
1977-11-04T19:00:00,835.000,.02675,.00052,.00000,.01757,.01918
1977-11-04T20:00:00,836.000,.02674,.00052,.00000,.01757,.01918
1977-11-04T21:00:00,837.000,.02672,.00052,.00000,.01756,.01917
1977-11-04T22:00:00,838.000,.02671,.00052,.00000,.01756,.01917
1977-11-04T23:00:00,839.000,.02669,.00052,.00000,.01756,.01917
1977-11-05T00:00:00,840.000,.02668,.00052,.00000,.01756,.01916
1977-11-05T01:00:00,841.000,.02667,.00052,.00000,.01755,.01916
1977-11-05T02:00:00,842.000,.02665,.00052,.00000,.01755,.01916
1977-11-05T03:00:00,843.000,.02664,.00052,.00000,.01755,.01915
1977-11-05T04:00:00,844.000,.02663,.00052,.00000,.01754,.01915
1977-11-05T05:00:00,845.000,.02662,.00052,.00000,.01754,.01915
1977-11-05T06:00:00,846.000,.02661,.00052,.00000,.01754,.01914
1977-11-05T07:00:00,847.000,.02659,.00052,.00000,.01754,.01914
1977-11-05T08:00:00,848.000,.02658,.00052,.00000,.01754,.01914
1977-11-05T09:00:00,849.000,.02657,.00052,.00000,.01753,.01913
1977-11-05T10:00:00,850.000,.02656,.00052,.00000,.01753,.01913
1977-11-05T11:00:00,851.000,.02655,.00052,.00000,.01753,.01913
1977-11-05T12:00:00,852.000,.02654,.00052,.00000,.01753,.01912
1977-11-05T13:00:00,853.000,.02653,.00052,.00000,.01752,.01912
1977-11-05T14:00:00,854.000,.02652,.00052,.00000,.01752,.01912
1977-11-05T15:00:00,855.000,.02651,.00052,.00000,.01752,.01911
1977-11-05T16:00:00,856.000,.02650,.00052,.00000,.01752,.01911
1977-11-05T17:00:00,857.000,.02649,.00052,.00000,.01751,.01911
1977-11-05T18:00:00,858.000,.02648,.00052,.00000,.01751,.01911
1977-11-05T19:00:00,859.000,.02647,.00052,.00000,.01751,.01910
1977-11-05T20:00:00,860.000,.02646,.00052,.00000,.01751,.01910
1977-11-05T21:00:00,861.000,.02645,.00052,.00000,.01750,.01910
1977-11-05T22:00:00,862.000,.02644,.00052,.00000,.01750,.01909
1977-11-05T23:00:00,863.000,.02644,.00052,.00000,.01750,.01909
1977-11-06T00:00:00,864.000,.02652,.00053,.00000,.01757,.01918
1977-11-06T01:00:00,865.000,.02957,.00084,.00000,.01999,.02223
1977-11-06T02:00:00,866.000,.12696,.03134,.06702,.14156,.16598
1977-11-06T03:00:00,867.000,.55360,.36812,.29869,1.36201,.63329
1977-11-06T04:00:00,868.000,1.34796,.96308,.29193,4.13923,1.25644
1977-11-06T05:00:00,869.000,2.20120,1.74964,.18752,6.74936,2.22243
1977-11-06T06:00:00,870.000,3.14783,2.27615,.11858,12.87021,4.53030
1977-11-06T07:00:00,871.000,5.14942,2.29994,.07999,27.38711,11.18516
1977-11-06T08:00:00,872.000,12.96878,2.09634,.05869,36.50915,25.00630
1977-11-06T09:00:00,873.000,29.40244,1.86305,.04481,36.53556,34.00961
1977-11-06T10:00:00,874.000,42.94544,1.64669,.03233,33.13742,35.03514
1977-11-06T11:00:00,875.000,47.01101,1.46675,.02229,29.28050,32.52518
1977-11-06T12:00:00,876.000,45.63329,1.31421,.01537,25.67537,29.15154
1977-11-06T13:00:00,877.000,42.20967,1.18603,.01055,22.52744,25.86756
1977-11-06T14:00:00,878.000,38.17790,1.07437,.00700,19.72153,22.81048
1977-11-06T15:00:00,879.000,34.30759,.98050,.00443,17.32769,20.14798
1977-11-06T16:00:00,880.000,30.89848,.90345,.00266,15.33831,17.90097
1977-11-06T17:00:00,881.000,27.89900,.83871,.00148,13.65684,15.97844
1977-11-06T18:00:00,882.000,24.91741,.77623,.00062,12.03152,14.10501
1977-11-06T19:00:00,883.000,22.62246,.72900,.00018,10.80733,12.68457
1977-11-06T20:00:00,884.000,20.56664,.68691,.00000,9.72778,11.42568
1977-11-06T21:00:00,885.000,18.73821,.64938,.00000,8.78059,10.31646
1977-11-06T22:00:00,886.000,17.14017,.61611,.00000,7.96230,9.35513
1977-11-06T23:00:00,887.000,15.75085,.58650,.00000,7.25781,8.52561
1977-11-07T00:00:00,888.000,14.51869,.55950,.00000,6.63827,7.79488
1977-11-07T01:00:00,889.000,13.42261,.53479,.00000,6.09135,7.14896
1977-11-07T02:00:00,890.000,12.44432,.51202,.00000,5.60665,6.57596
1977-11-07T03:00:00,891.000,11.56819,.49093,.00000,5.17555,6.06586
1977-11-07T04:00:00,892.000,10.78112,.47132,.00000,4.79083,5.61034
1977-11-07T05:00:00,893.000,10.07189,.45302,.00000,4.44642,5.20232
1977-11-07T06:00:00,894.000,9.43094,.43588,.00000,4.13716,4.83579
1977-11-07T07:00:00,895.000,8.85006,.41977,.00000,3.85863,4.50560
1977-11-07T08:00:00,896.000,8.32217,.40458,.00000,3.60708,4.20735
1977-11-07T09:00:00,897.000,7.84116,.39024,.00000,3.37925,3.93723
1977-11-07T10:00:00,898.000,7.40175,.37665,.00000,3.17228,3.69194
1977-11-07T11:00:00,899.000,6.99933,.36375,.00000,2.98376,3.46862
1977-11-07T12:00:00,900.000,6.62987,.35149,.00000,2.81153,3.26480
1977-11-07T13:00:00,901.000,6.28985,.33980,.00000,2.65377,3.07833
1977-11-07T14:00:00,902.000,5.97618,.32865,.00000,2.50888,2.90730
1977-11-07T15:00:00,903.000,5.68614,.31800,.00000,2.37546,2.75003
1977-11-07T16:00:00,904.000,5.41734,.30781,.00000,2.25230,2.60510
1977-11-07T17:00:00,905.000,5.16767,.29805,.00000,2.13832,2.47122
1977-11-07T18:00:00,906.000,4.93527,.28869,.00000,2.03260,2.34728
1977-11-07T19:00:00,907.000,4.71850,.27971,.00000,1.93433,2.23230
1977-11-07T20:00:00,908.000,4.51589,.27108,.00000,1.84277,2.12539
1977-11-07T21:00:00,909.000,4.32615,.26278,.00000,1.75730,2.02579
1977-11-07T22:00:00,910.000,4.14814,.25480,.00000,1.67736,1.93283
1977-11-07T23:00:00,911.000,3.98083,.24711,.00000,1.60244,1.84589
1977-11-08T00:00:00,912.000,3.82288,.23966,.00000,1.53187,1.76418
1977-11-08T01:00:00,913.000,3.67314,.23235,.00000,1.46525,1.68720
1977-11-08T02:00:00,914.000,3.53142,.22513,.00000,1.40240,1.61477
1977-11-08T03:00:00,915.000,3.39740,.21798,.00000,1.34298,1.54659
1977-11-08T04:00:00,916.000,3.27044,.21088,.00000,1.28665,1.48229
1977-11-08T05:00:00,917.000,3.14994,.20386,.00000,1.23312,1.42151
1977-11-08T06:00:00,918.000,3.03534,.19692,.00000,1.18209,1.36392
1977-11-08T07:00:00,919.000,2.92611,.19009,.00000,1.13337,1.30924
1977-11-08T08:00:00,920.000,2.82175,.18336,.00000,1.08674,1.25721
1977-11-08T09:00:00,921.000,2.72183,.17676,.00000,1.04204,1.20759
1977-11-08T10:00:00,922.000,2.62592,.17031,.00000,.99915,1.16019
1977-11-08T11:00:00,923.000,2.53367,.16400,.00000,.95796,1.11482
1977-11-08T12:00:00,924.000,2.44479,.15784,.00000,.91838,1.07135
1977-11-08T13:00:00,925.000,2.35900,.15185,.00000,.88034,1.02964
1977-11-08T14:00:00,926.000,2.27610,.14603,.00000,.84375,.98959
1977-11-08T15:00:00,927.000,2.19591,.14037,.00000,.80855,.95109
1977-11-08T16:00:00,928.000,2.11829,.13489,.00000,.77470,.91407
1977-11-08T17:00:00,929.000,2.04313,.12959,.00000,.74214,.87846
1977-11-08T18:00:00,930.000,1.97032,.12446,.00000,.71083,.84418
1977-11-08T19:00:00,931.000,1.89980,.11950,.00000,.68074,.81119
1977-11-08T20:00:00,932.000,1.83149,.11471,.00000,.65182,.77943
1977-11-08T21:00:00,933.000,1.76534,.11010,.00000,.62406,.74886
1977-11-08T22:00:00,934.000,1.70129,.10568,.00000,.59743,.71944
1977-11-08T23:00:00,935.000,1.63931,.10143,.00000,.57189,.69114
1977-11-09T00:00:00,936.000,1.57918,.09734,.00000,.54743,.66391
1977-11-09T01:00:00,937.000,1.52102,.09336,.00000,.52400,.63774
1977-11-09T02:00:00,938.000,1.46490,.08943,.00000,.50158,.61258
1977-11-09T03:00:00,939.000,1.41072,.08553,.00000,.48015,.58842
1977-11-09T04:00:00,940.000,1.35843,.08164,.00000,.45965,.56521
1977-11-09T05:00:00,941.000,1.30796,.07778,.00000,.44007,.54295
1977-11-09T06:00:00,942.000,1.25926,.07394,.00000,.42137,.52158
1977-11-09T07:00:00,943.000,1.21228,.07016,.00000,.40351,.50109
1977-11-09T08:00:00,944.000,1.16695,.06643,.00000,.38647,.48145
1977-11-09T09:00:00,945.000,1.12324,.06279,.00000,.37023,.46263
1977-11-09T10:00:00,946.000,1.08107,.05924,.00000,.35475,.44459
1977-11-09T11:00:00,947.000,1.04041,.05580,.00000,.34000,.42733
1977-11-09T12:00:00,948.000,1.00120,.05248,.00000,.32595,.41080
1977-11-09T13:00:00,949.000,.96339,.04928,.00000,.31258,.39498
1977-11-09T14:00:00,950.000,.92694,.04621,.00000,.29985,.37985
1977-11-09T15:00:00,951.000,.89180,.04327,.00000,.28773,.36538
1977-11-09T16:00:00,952.000,.85794,.04046,.00000,.27619,.35154
1977-11-09T17:00:00,953.000,.82533,.03779,.00000,.26520,.33831
1977-11-09T18:00:00,954.000,.79392,.03526,.00000,.25472,.32566
1977-11-09T19:00:00,955.000,.76369,.03286,.00000,.24474,.31357
1977-11-09T20:00:00,956.000,.73461,.03058,.00000,.23521,.30201
1977-11-09T21:00:00,957.000,.70664,.02844,.00000,.22612,.29095
1977-11-09T22:00:00,958.000,.67976,.02642,.00000,.21744,.28038
1977-11-09T23:00:00,959.000,.65394,.02452,.00000,.20915,.27027
1977-11-10T00:00:00,960.000,.62915,.02275,.00000,.20122,.26059
1977-11-10T01:00:00,961.000,.60535,.02109,.00000,.19365,.25133
1977-11-10T02:00:00,962.000,.58252,.01954,.00000,.18640,.24246
1977-11-10T03:00:00,963.000,.56062,.01812,.00000,.17947,.23397
1977-11-10T04:00:00,964.000,.53963,.01680,.00000,.17283,.22583
1977-11-10T05:00:00,965.000,.51951,.01558,.00000,.16648,.21804
1977-11-10T06:00:00,966.000,.50023,.01447,.00000,.16040,.21056
1977-11-10T07:00:00,967.000,.48175,.01345,.00000,.15458,.20339
1977-11-10T08:00:00,968.000,.46406,.01251,.00000,.14901,.19651
1977-11-10T09:00:00,969.000,.44711,.01166,.00000,.14368,.18991
1977-11-10T10:00:00,970.000,.43088,.01088,.00000,.13857,.18358
1977-11-10T11:00:00,971.000,.41533,.01016,.00000,.13368,.17749
1977-11-10T12:00:00,972.000,.40044,.00950,.00000,.12900,.17165
1977-11-10T13:00:00,973.000,.38618,.00890,.00000,.12452,.16605
1977-11-10T14:00:00,974.000,.37252,.00835,.00000,.12022,.16066
1977-11-10T15:00:00,975.000,.35944,.00784,.00000,.11612,.15548
1977-11-10T16:00:00,976.000,.34691,.00738,.00000,.11218,.15051
1977-11-10T17:00:00,977.000,.33491,.00695,.00000,.10842,.14574
1977-11-10T18:00:00,978.000,.32341,.00655,.00000,.10482,.14115
1977-11-10T19:00:00,979.000,.31240,.00619,.00000,.10137,.13673
1977-11-10T20:00:00,980.000,.30184,.00585,.00000,.09807,.13250
1977-11-10T21:00:00,981.000,.29172,.00554,.00000,.09491,.12842
1977-11-10T22:00:00,982.000,.28202,.00526,.00000,.09188,.12450
1977-11-10T23:00:00,983.000,.27273,.00499,.00000,.08899,.12074
1977-11-11T00:00:00,984.000,.26382,.00474,.00000,.08622,.11712
1977-11-11T01:00:00,985.000,.25527,.00451,.00000,.08357,.11364
1977-11-11T02:00:00,986.000,.24708,.00430,.00000,.08103,.11030
1977-11-11T03:00:00,987.000,.23922,.00410,.00000,.07860,.10708
1977-11-11T04:00:00,988.000,.23168,.00391,.00000,.07628,.10399
1977-11-11T05:00:00,989.000,.22444,.00374,.00000,.07405,.10102
1977-11-11T06:00:00,990.000,.21750,.00358,.00000,.07191,.09816
1977-11-11T07:00:00,991.000,.21084,.00342,.00000,.06987,.09541
1977-11-11T08:00:00,992.000,.20444,.00328,.00000,.06792,.09277
1977-11-11T09:00:00,993.000,.19830,.00315,.00000,.06604,.09023
1977-11-11T10:00:00,994.000,.19241,.00302,.00000,.06424,.08778
1977-11-11T11:00:00,995.000,.18675,.00291,.00000,.06252,.08543
1977-11-11T12:00:00,996.000,.18131,.00280,.00000,.06087,.08317
1977-11-11T13:00:00,997.000,.17608,.00269,.00000,.05929,.08099
1977-11-11T14:00:00,998.000,.17106,.00260,.00000,.05778,.07890
1977-11-11T15:00:00,999.000,.16623,.00250,.00000,.05632,.07688
1977-11-11T16:00:00,1000.000,.16160,.00242,.00000,.05493,.07494
1977-11-11T17:00:00,1001.000,.15714,.00233,.00000,.05359,.07307
1977-11-11T18:00:00,1002.000,.15285,.00226,.00000,.05230,.07127
1977-11-11T19:00:00,1003.000,.14872,.00218,.00000,.05107,.06954
1977-11-11T20:00:00,1004.000,.14475,.00211,.00000,.04989,.06787
1977-11-11T21:00:00,1005.000,.14093,.00205,.00000,.04875,.06627
1977-11-11T22:00:00,1006.000,.13726,.00198,.00000,.04766,.06472
1977-11-11T23:00:00,1007.000,.13372,.00192,.00000,.04661,.06323
1977-11-12T00:00:00,1008.000,.13031,.00187,.00000,.04560,.06179
1977-11-12T01:00:00,1009.000,.12703,.00181,.00000,.04463,.06041
1977-11-12T02:00:00,1010.000,.12387,.00176,.00000,.04370,.05907
1977-11-12T03:00:00,1011.000,.12082,.00172,.00000,.04281,.05779
1977-11-12T04:00:00,1012.000,.11789,.00167,.00000,.04195,.05655
1977-11-12T05:00:00,1013.000,.11506,.00163,.00000,.04112,.05535
1977-11-12T06:00:00,1014.000,.11233,.00158,.00000,.04032,.05420
1977-11-12T07:00:00,1015.000,.10970,.00154,.00000,.03956,.05309
1977-11-12T08:00:00,1016.000,.10717,.00151,.00000,.03882,.05201
1977-11-12T09:00:00,1017.000,.10472,.00147,.00000,.03811,.05098
1977-11-12T10:00:00,1018.000,.10236,.00143,.00000,.03742,.04997
1977-11-12T11:00:00,1019.000,.10008,.00140,.00000,.03676,.04901
1977-11-12T12:00:00,1020.000,.09788,.00137,.00000,.03613,.04808
1977-11-12T13:00:00,1021.000,.09576,.00134,.00000,.03552,.04718
1977-11-12T14:00:00,1022.000,.09371,.00131,.00000,.03493,.04631
1977-11-12T15:00:00,1023.000,.09173,.00128,.00000,.03436,.04547
1977-11-12T16:00:00,1024.000,.08982,.00126,.00000,.03381,.04466
1977-11-12T17:00:00,1025.000,.08797,.00123,.00000,.03328,.04387
1977-11-12T18:00:00,1026.000,.08618,.00121,.00000,.03277,.04311
1977-11-12T19:00:00,1027.000,.08445,.00118,.00000,.03228,.04238
1977-11-12T20:00:00,1028.000,.08278,.00116,.00000,.03180,.04167
1977-11-12T21:00:00,1029.000,.08117,.00114,.00000,.03134,.04099
1977-11-12T22:00:00,1030.000,.07961,.00112,.00000,.03090,.04032
1977-11-12T23:00:00,1031.000,.07810,.00110,.00000,.03047,.03968
1977-11-13T00:00:00,1032.000,.07663,.00108,.00000,.03006,.03906
1977-11-13T01:00:00,1033.000,.07524,.00106,.00000,.02966,.03846
1977-11-13T02:00:00,1034.000,.07391,.00104,.00000,.02928,.03788
1977-11-13T03:00:00,1035.000,.07261,.00103,.00000,.02891,.03732
1977-11-13T04:00:00,1036.000,.07134,.00101,.00000,.02855,.03678
1977-11-13T05:00:00,1037.000,.07011,.00099,.00000,.02820,.03625
1977-11-13T06:00:00,1038.000,.06891,.00098,.00000,.02787,.03574
1977-11-13T07:00:00,1039.000,.06775,.00096,.00000,.02754,.03525
1977-11-13T08:00:00,1040.000,.06662,.00095,.00000,.02723,.03477
1977-11-13T09:00:00,1041.000,.06553,.00094,.00000,.02692,.03431
1977-11-13T10:00:00,1042.000,.06447,.00092,.00000,.02663,.03386
1977-11-13T11:00:00,1043.000,.06344,.00091,.00000,.02635,.03342
1977-11-13T12:00:00,1044.000,.06244,.00090,.00000,.02607,.03300
1977-11-13T13:00:00,1045.000,.06147,.00089,.00000,.02581,.03259
1977-11-13T14:00:00,1046.000,.06053,.00088,.00000,.02555,.03220
1977-11-13T15:00:00,1047.000,.05961,.00086,.00000,.02530,.03181
1977-11-13T16:00:00,1048.000,.05873,.00085,.00000,.02506,.03144
1977-11-13T17:00:00,1049.000,.05787,.00084,.00000,.02483,.03108
1977-11-13T18:00:00,1050.000,.05703,.00083,.00000,.02461,.03073
1977-11-13T19:00:00,1051.000,.05622,.00083,.00000,.02439,.03039
1977-11-13T20:00:00,1052.000,.05544,.00082,.00000,.02418,.03006
1977-11-13T21:00:00,1053.000,.05467,.00081,.00000,.02398,.02975
1977-11-13T22:00:00,1054.000,.05393,.00080,.00000,.02378,.02944
1977-11-13T23:00:00,1055.000,.05321,.00079,.00000,.02359,.02914
1977-11-14T00:00:00,1056.000,.05249,.00078,.00000,.02340,.02885
1977-11-14T01:00:00,1057.000,.05179,.00077,.00000,.02322,.02856
1977-11-14T02:00:00,1058.000,.05111,.00077,.00000,.02305,.02829
1977-11-14T03:00:00,1059.000,.05045,.00076,.00000,.02288,.02802
1977-11-14T04:00:00,1060.000,.04982,.00075,.00000,.02272,.02777
1977-11-14T05:00:00,1061.000,.04920,.00075,.00000,.02256,.02752
1977-11-14T06:00:00,1062.000,.04861,.00074,.00000,.02241,.02727
1977-11-14T07:00:00,1063.000,.04803,.00073,.00000,.02226,.02704
1977-11-14T08:00:00,1064.000,.04747,.00073,.00000,.02212,.02681
1977-11-14T09:00:00,1065.000,.04692,.00072,.00000,.02198,.02659
1977-11-14T10:00:00,1066.000,.04639,.00072,.00000,.02184,.02637
1977-11-14T11:00:00,1067.000,.04588,.00071,.00000,.02171,.02616
1977-11-14T12:00:00,1068.000,.04538,.00070,.00000,.02159,.02596
1977-11-14T13:00:00,1069.000,.04489,.00070,.00000,.02146,.02576
1977-11-14T14:00:00,1070.000,.04442,.00069,.00000,.02135,.02557
1977-11-14T15:00:00,1071.000,.04396,.00069,.00000,.02123,.02539
1977-11-14T16:00:00,1072.000,.04352,.00068,.00000,.02112,.02521
1977-11-14T17:00:00,1073.000,.04308,.00068,.00000,.02101,.02503
1977-11-14T18:00:00,1074.000,.04266,.00068,.00000,.02091,.02486
1977-11-14T19:00:00,1075.000,.04225,.00067,.00000,.02081,.02469
1977-11-14T20:00:00,1076.000,.04185,.00067,.00000,.02071,.02453
1977-11-14T21:00:00,1077.000,.04146,.00066,.00000,.02061,.02438
1977-11-14T22:00:00,1078.000,.04108,.00066,.00000,.02052,.02423
1977-11-14T23:00:00,1079.000,.04071,.00066,.00000,.02043,.02408
1977-11-15T00:00:00,1080.000,.04035,.00065,.00000,.02035,.02394
1977-11-15T01:00:00,1081.000,.04000,.00065,.00000,.02026,.02380
1977-11-15T02:00:00,1082.000,.03965,.00064,.00000,.02018,.02367
1977-11-15T03:00:00,1083.000,.03932,.00064,.00000,.02010,.02353
1977-11-15T04:00:00,1084.000,.03900,.00064,.00000,.02003,.02341
1977-11-15T05:00:00,1085.000,.03868,.00063,.00000,.01995,.02328
1977-11-15T06:00:00,1086.000,.03837,.00063,.00000,.01988,.02317
1977-11-15T07:00:00,1087.000,.03808,.00063,.00000,.01981,.02305
1977-11-15T08:00:00,1088.000,.03778,.00063,.00000,.01975,.02294
1977-11-15T09:00:00,1089.000,.03750,.00062,.00000,.01968,.02283
1977-11-15T10:00:00,1090.000,.03722,.00062,.00000,.01962,.02272
1977-11-15T11:00:00,1091.000,.03695,.00062,.00000,.01956,.02262
1977-11-15T12:00:00,1092.000,.03669,.00061,.00000,.01950,.02252
1977-11-15T13:00:00,1093.000,.03644,.00061,.00000,.01944,.02242
1977-11-15T14:00:00,1094.000,.03619,.00061,.00000,.01938,.02233
1977-11-15T15:00:00,1095.000,.03594,.00061,.00000,.01933,.02223
1977-11-15T16:00:00,1096.000,.03571,.00060,.00000,.01928,.02214
1977-11-15T17:00:00,1097.000,.03547,.00060,.00000,.01923,.02206
1977-11-15T18:00:00,1098.000,.03525,.00060,.00000,.01918,.02197
1977-11-15T19:00:00,1099.000,.03503,.00060,.00000,.01913,.02189
1977-11-15T20:00:00,1100.000,.03482,.00060,.00000,.01908,.02181
1977-11-15T21:00:00,1101.000,.03461,.00059,.00000,.01904,.02174
1977-11-15T22:00:00,1102.000,.03441,.00059,.00000,.01900,.02166
1977-11-15T23:00:00,1103.000,.03421,.00059,.00000,.01895,.02159
1977-11-16T00:00:00,1104.000,.03401,.00059,.00000,.01891,.02152
1977-11-16T01:00:00,1105.000,.03383,.00059,.00000,.01887,.02145
1977-11-16T02:00:00,1106.000,.03364,.00058,.00000,.01884,.02138
1977-11-16T03:00:00,1107.000,.03346,.00058,.00000,.01880,.02132
1977-11-16T04:00:00,1108.000,.03329,.00058,.00000,.01876,.02126
1977-11-16T05:00:00,1109.000,.03312,.00058,.00000,.01873,.02120
1977-11-16T06:00:00,1110.000,.03295,.00058,.00000,.01870,.02114
1977-11-16T07:00:00,1111.000,.03279,.00058,.00000,.01866,.02108
1977-11-16T08:00:00,1112.000,.03264,.00058,.00000,.01863,.02103
1977-11-16T09:00:00,1113.000,.03248,.00057,.00000,.01860,.02097
1977-11-16T10:00:00,1114.000,.03233,.00057,.00000,.01857,.02092
1977-11-16T11:00:00,1115.000,.03219,.00057,.00000,.01854,.02087
1977-11-16T12:00:00,1116.000,.03204,.00057,.00000,.01851,.02082
1977-11-16T13:00:00,1117.000,.03191,.00057,.00000,.01849,.02077
1977-11-16T14:00:00,1118.000,.03177,.00057,.00000,.01846,.02073
1977-11-16T15:00:00,1119.000,.03164,.00057,.00000,.01844,.02068
1977-11-16T16:00:00,1120.000,.03151,.00056,.00000,.01841,.02064
1977-11-16T17:00:00,1121.000,.03139,.00056,.00000,.01839,.02060
1977-11-16T18:00:00,1122.000,.03126,.00056,.00000,.01837,.02055
1977-11-16T19:00:00,1123.000,.03114,.00056,.00000,.01834,.02051
1977-11-16T20:00:00,1124.000,.03103,.00056,.00000,.01832,.02048
1977-11-16T21:00:00,1125.000,.03091,.00056,.00000,.01830,.02044
1977-11-16T22:00:00,1126.000,.03080,.00056,.00000,.01828,.02040
1977-11-16T23:00:00,1127.000,.03070,.00056,.00000,.01826,.02037
1977-11-17T00:00:00,1128.000,.03059,.00056,.00000,.01824,.02033
1977-11-17T01:00:00,1129.000,.03050,.00056,.00000,.01822,.02030
1977-11-17T02:00:00,1130.000,.03043,.00055,.00000,.01821,.02027
1977-11-17T03:00:00,1131.000,.03034,.00055,.00000,.01819,.02024
1977-11-17T04:00:00,1132.000,.03026,.00055,.00000,.01817,.02021
1977-11-17T05:00:00,1133.000,.03018,.00055,.00000,.01815,.02018
1977-11-17T06:00:00,1134.000,.03010,.00055,.00000,.01814,.02015
1977-11-17T07:00:00,1135.000,.03002,.00055,.00000,.01812,.02012
1977-11-17T08:00:00,1136.000,.02994,.00055,.00000,.01811,.02009
1977-11-17T09:00:00,1137.000,.02986,.00055,.00000,.01809,.02007
1977-11-17T10:00:00,1138.000,.02978,.00055,.00000,.01808,.02004
1977-11-17T11:00:00,1139.000,.02970,.00055,.00000,.01807,.02002
1977-11-17T12:00:00,1140.000,.02963,.00055,.00000,.01805,.01999
1977-11-17T13:00:00,1141.000,.02955,.00055,.00000,.01804,.01997
1977-11-17T14:00:00,1142.000,.02948,.00055,.00000,.01803,.01995
1977-11-17T15:00:00,1143.000,.02941,.00055,.00000,.01802,.01993
1977-11-17T16:00:00,1144.000,.02934,.00054,.00000,.01801,.01991
1977-11-17T17:00:00,1145.000,.02927,.00054,.00000,.01800,.01989
1977-11-17T18:00:00,1146.000,.02921,.00054,.00000,.01798,.01987
1977-11-17T19:00:00,1147.000,.02914,.00054,.00000,.01797,.01985
1977-11-17T20:00:00,1148.000,.02908,.00054,.00000,.01796,.01983
1977-11-17T21:00:00,1149.000,.02902,.00054,.00000,.01795,.01981
1977-11-17T22:00:00,1150.000,.02896,.00054,.00000,.01794,.01979
1977-11-17T23:00:00,1151.000,.02890,.00054,.00000,.01794,.01978
1977-11-18T00:00:00,1152.000,.02883,.00054,.00000,.01793,.01976
1977-11-18T01:00:00,1153.000,.02876,.00054,.00000,.01792,.01975
1977-11-18T02:00:00,1154.000,.02869,.00054,.00000,.01791,.01973
1977-11-18T03:00:00,1155.000,.02862,.00054,.00000,.01790,.01972
1977-11-18T04:00:00,1156.000,.02856,.00054,.00000,.01789,.01970
1977-11-18T05:00:00,1157.000,.02850,.00054,.00000,.01788,.01969
1977-11-18T06:00:00,1158.000,.02844,.00054,.00000,.01788,.01967
1977-11-18T07:00:00,1159.000,.02839,.00054,.00000,.01787,.01966
1977-11-18T08:00:00,1160.000,.02834,.00054,.00000,.01786,.01965
1977-11-18T09:00:00,1161.000,.02829,.00054,.00000,.01786,.01963
1977-11-18T10:00:00,1162.000,.02824,.00054,.00000,.01785,.01962
1977-11-18T11:00:00,1163.000,.02820,.00054,.00000,.01784,.01961
1977-11-18T12:00:00,1164.000,.02815,.00053,.00000,.01784,.01960
1977-11-18T13:00:00,1165.000,.02811,.00053,.00000,.01783,.01959
1977-11-18T14:00:00,1166.000,.02807,.00053,.00000,.01782,.01958
1977-11-18T15:00:00,1167.000,.02803,.00053,.00000,.01782,.01957
1977-11-18T16:00:00,1168.000,.02799,.00053,.00000,.01781,.01956
1977-11-18T17:00:00,1169.000,.02795,.00053,.00000,.01781,.01955
1977-11-18T18:00:00,1170.000,.02791,.00053,.00000,.01780,.01954
1977-11-18T19:00:00,1171.000,.02788,.00053,.00000,.01780,.01953
1977-11-18T20:00:00,1172.000,.02784,.00053,.00000,.01779,.01952
1977-11-18T21:00:00,1173.000,.02781,.00053,.00000,.01779,.01951
1977-11-18T22:00:00,1174.000,.02778,.00053,.00000,.01778,.01950
1977-11-18T23:00:00,1175.000,.02774,.00053,.00000,.01778,.01949
1977-11-19T00:00:00,1176.000,.02771,.00053,.00000,.01777,.01949
1977-11-19T01:00:00,1177.000,.02768,.00053,.00000,.01777,.01948
1977-11-19T02:00:00,1178.000,.02765,.00053,.00000,.01776,.01947
1977-11-19T03:00:00,1179.000,.02762,.00053,.00000,.01776,.01946
1977-11-19T04:00:00,1180.000,.02759,.00053,.00000,.01775,.01946
1977-11-19T05:00:00,1181.000,.02757,.00053,.00000,.01775,.01945
1977-11-19T06:00:00,1182.000,.02754,.00053,.00000,.01775,.01944
1977-11-19T07:00:00,1183.000,.02751,.00053,.00000,.01774,.01944
1977-11-19T08:00:00,1184.000,.02749,.00053,.00000,.01774,.01943
1977-11-19T09:00:00,1185.000,.02746,.00053,.00000,.01773,.01942
1977-11-19T10:00:00,1186.000,.02744,.00053,.00000,.01773,.01942
1977-11-19T11:00:00,1187.000,.02831,.00059,.00000,.01839,.02028
1977-11-19T12:00:00,1188.000,.03094,.00078,.00000,.02026,.02273
1977-11-19T13:00:00,1189.000,.03662,.00120,.00000,.02431,.02844
1977-11-19T14:00:00,1190.000,.05359,.00269,.00000,.03748,.04932
1977-11-19T15:00:00,1191.000,.10470,.00766,.00000,.07653,.11628
1977-11-19T16:00:00,1192.000,.15120,.01082,.00000,.09933,.15220
1977-11-19T17:00:00,1193.000,.18160,.01139,.00000,.10387,.15734
1977-11-19T18:00:00,1194.000,.20362,.01084,.00000,.10184,.15317
1977-11-19T19:00:00,1195.000,.21498,.00957,.00000,.09528,.14272
1977-11-19T20:00:00,1196.000,.22288,.00854,.00000,.09070,.13558
1977-11-19T21:00:00,1197.000,.22802,.00779,.00000,.08782,.13053
1977-11-19T22:00:00,1198.000,.23123,.00717,.00000,.08571,.12591
1977-11-19T23:00:00,1199.000,.23235,.00670,.00000,.08424,.12173
1977-11-20T00:00:00,1200.000,.23344,.00643,.00000,.08411,.11904
1977-11-20T01:00:00,1201.000,.24971,.00752,.00000,.09424,.13194
1977-11-20T02:00:00,1202.000,.32350,.01416,.00475,.14361,.20818
1977-11-20T03:00:00,1203.000,.41429,.02972,.02684,.20150,.27243
1977-11-20T04:00:00,1204.000,.50077,.06288,.06071,.29559,.32125
1977-11-20T05:00:00,1205.000,.70514,.18179,.14691,.71241,.46947
1977-11-20T06:00:00,1206.000,1.18615,.42205,.22090,1.95212,.85588
1977-11-20T07:00:00,1207.000,2.18250,.69085,.24364,4.05290,1.68192
1977-11-20T08:00:00,1208.000,4.39696,.97162,.25064,6.76035,3.47209
1977-11-20T09:00:00,1209.000,8.51044,1.23824,.23817,10.10386,6.46905
1977-11-20T10:00:00,1210.000,13.91797,1.39709,.20580,14.11655,10.00908
1977-11-20T11:00:00,1211.000,20.11367,1.45569,.17346,18.52344,14.13995
1977-11-20T12:00:00,1212.000,26.39703,1.43870,.14797,21.96500,18.42828
1977-11-20T13:00:00,1213.000,31.07852,1.43150,.14829,23.81047,21.44650
1977-11-20T14:00:00,1214.000,36.59336,1.50275,.16311,25.48421,24.54045
1977-11-20T15:00:00,1215.000,41.10364,1.64177,.15193,26.75908,26.47814
1977-11-20T16:00:00,1216.000,44.29155,1.76820,.13500,28.50834,27.89018
1977-11-20T17:00:00,1217.000,46.48914,1.81046,.11901,30.63698,29.52693
1977-11-20T18:00:00,1218.000,48.43258,1.77475,.10544,32.25312,31.35025
1977-11-20T19:00:00,1219.000,49.99579,1.69700,.09436,32.70417,32.58659
1977-11-20T20:00:00,1220.000,50.75370,1.59735,.08443,32.05038,32.84886
1977-11-20T21:00:00,1221.000,50.32689,1.49935,.07622,30.68349,32.15047
1977-11-20T22:00:00,1222.000,48.85024,1.40454,.06895,28.89870,30.78185
1977-11-20T23:00:00,1223.000,46.59917,1.31605,.06252,26.92952,29.01290
1977-11-21T00:00:00,1224.000,44.23151,1.24291,.05737,25.15174,27.29101
1977-11-21T01:00:00,1225.000,41.29749,1.16543,.05221,23.15485,25.26112
1977-11-21T02:00:00,1226.000,38.83912,1.10645,.04838,21.58470,23.61419
1977-11-21T03:00:00,1227.000,36.35148,1.04964,.04474,20.05476,21.97995
1977-11-21T04:00:00,1228.000,33.76626,.99233,.04113,18.51048,20.30773
1977-11-21T05:00:00,1229.000,31.63367,.94559,.03823,17.26205,18.94393
1977-11-21T06:00:00,1230.000,29.64582,.90198,.03557,16.11281,17.68245
1977-11-21T07:00:00,1231.000,27.82887,.86177,.03316,15.07165,16.53634
1977-11-21T08:00:00,1232.000,26.17169,.82461,.03097,14.12831,15.49635
1977-11-21T09:00:00,1233.000,24.64822,.78988,.02896,13.26525,14.54435
1977-11-21T10:00:00,1234.000,23.24579,.75732,.02710,12.47346,13.67118
1977-11-21T11:00:00,1235.000,21.95294,.72668,.02539,11.74533,12.86894
1977-11-21T12:00:00,1236.000,20.75885,.69779,.02380,11.07411,12.13015
1977-11-21T13:00:00,1237.000,19.65365,.67048,.02233,10.45392,11.44816
1977-11-21T14:00:00,1238.000,18.64093,.64459,.02096,9.88215,10.82441
1977-11-21T15:00:00,1239.000,17.71868,.62001,.01968,9.35348,10.25434
1977-11-21T16:00:00,1240.000,16.85224,.59662,.01848,8.85677,9.71450
1977-11-21T17:00:00,1241.000,16.03414,.57433,.01735,8.39255,9.20499
1977-11-21T18:00:00,1242.000,15.26813,.55307,.01630,7.96076,8.73086
1977-11-21T19:00:00,1243.000,14.54991,.53275,.01531,7.55738,8.28888
1977-11-21T20:00:00,1244.000,13.87554,.51333,.01438,7.17975,7.87599
1977-11-21T21:00:00,1245.000,13.24140,.49474,.01350,6.82552,7.48944
1977-11-21T22:00:00,1246.000,12.64421,.47693,.01266,6.49266,7.12680
1977-11-21T23:00:00,1247.000,12.08097,.45986,.01188,6.17941,6.78596
1977-11-22T00:00:00,1248.000,11.54943,.44359,.01118,5.88466,6.46537
1977-11-22T01:00:00,1249.000,11.04787,.42824,.01061,5.60798,6.16397
1977-11-22T02:00:00,1250.000,10.57428,.41375,.01011,5.34828,5.88044
1977-11-22T03:00:00,1251.000,10.12679,.40000,.00963,5.10424,5.61353
1977-11-22T04:00:00,1252.000,9.70386,.38692,.00917,4.87480,5.36222
1977-11-22T05:00:00,1253.000,9.30406,.37446,.00873,4.65896,5.12552
1977-11-22T06:00:00,1254.000,8.92599,.36256,.00830,4.45579,4.90249
1977-11-22T07:00:00,1255.000,8.56834,.35117,.00789,4.26442,4.69224
1977-11-22T08:00:00,1256.000,8.22981,.34026,.00750,4.08401,4.49390
1977-11-22T09:00:00,1257.000,7.90919,.32979,.00712,3.91377,4.30668
1977-11-22T10:00:00,1258.000,7.60532,.31973,.00676,3.75295,4.12982
1977-11-22T11:00:00,1259.000,7.31708,.31005,.00641,3.60085,3.96259
1977-11-22T12:00:00,1260.000,7.04341,.30072,.00608,3.45682,3.80429
1977-11-22T13:00:00,1261.000,6.78333,.29173,.00576,3.32026,3.65428
1977-11-22T14:00:00,1262.000,6.53594,.28306,.00545,3.19059,3.51206
1977-11-22T15:00:00,1263.000,6.30041,.27469,.00515,3.06731,3.37702
1977-11-22T16:00:00,1264.000,6.07592,.26661,.00487,2.94995,3.24865
1977-11-22T17:00:00,1265.000,5.86172,.25880,.00460,2.83811,3.12645
1977-11-22T18:00:00,1266.000,5.65712,.25125,.00434,2.73135,3.01000
1977-11-22T19:00:00,1267.000,5.46147,.24395,.00408,2.62935,2.89891
1977-11-22T20:00:00,1268.000,5.27420,.23690,.00384,2.53189,2.79285
1977-11-22T21:00:00,1269.000,5.09480,.23004,.00361,2.43867,2.69149
1977-11-22T22:00:00,1270.000,4.92280,.22338,.00339,2.34940,2.59453
1977-11-22T23:00:00,1271.000,4.75776,.21698,.00318,2.26385,2.50173
1977-11-23T00:00:00,1272.000,4.59778,.21053,.00271,2.18046,2.41201
1977-11-23T01:00:00,1273.000,4.44065,.20349,.00176,2.09696,2.32450
1977-11-23T02:00:00,1274.000,4.28712,.19591,.00080,2.01322,2.23970
1977-11-23T03:00:00,1275.000,4.13681,.18794,.00021,1.92901,2.15664
1977-11-23T04:00:00,1276.000,3.98872,.17990,.00000,1.84504,2.07469
1977-11-23T05:00:00,1277.000,3.84209,.17192,.00000,1.76207,1.99359
1977-11-23T06:00:00,1278.000,3.69676,.16392,.00000,1.68100,1.91340
1977-11-23T07:00:00,1279.000,3.55275,.15589,.00000,1.60233,1.83439
1977-11-23T08:00:00,1280.000,3.41008,.14792,.00000,1.52584,1.75684
1977-11-23T09:00:00,1281.000,3.26935,.14004,.00000,1.45144,1.68097
1977-11-23T10:00:00,1282.000,3.13110,.13231,.00000,1.37917,1.60692
1977-11-23T11:00:00,1283.000,2.99582,.12479,.00000,1.30915,1.53479
1977-11-23T12:00:00,1284.000,2.86392,.11749,.00000,1.24155,1.46469
1977-11-23T13:00:00,1285.000,2.73574,.11046,.00000,1.17659,1.39669
1977-11-23T14:00:00,1286.000,2.61151,.10371,.00000,1.11445,1.33092
1977-11-23T15:00:00,1287.000,2.49138,.09726,.00000,1.05519,1.26747
1977-11-23T16:00:00,1288.000,2.37548,.09111,.00000,.99882,1.20644
1977-11-23T17:00:00,1289.000,2.26387,.08528,.00000,.94532,1.14788
1977-11-23T18:00:00,1290.000,2.15660,.07977,.00000,.89459,1.09182
1977-11-23T19:00:00,1291.000,2.05370,.07460,.00000,.84654,1.03828
1977-11-23T20:00:00,1292.000,1.95515,.06973,.00000,.80109,.98722
1977-11-23T21:00:00,1293.000,1.86093,.06516,.00000,.75812,.93861
1977-11-23T22:00:00,1294.000,1.77100,.06086,.00000,.71754,.89237
1977-11-23T23:00:00,1295.000,1.68527,.05681,.00000,.67923,.84844
1977-11-24T00:00:00,1296.000,1.60364,.05300,.00000,.64309,.80673
1977-11-24T01:00:00,1297.000,1.52608,.04943,.00000,.60901,.76717
1977-11-24T02:00:00,1298.000,1.45246,.04610,.00000,.57690,.72967
1977-11-24T03:00:00,1299.000,1.38247,.04300,.00000,.54666,.69413
1977-11-24T04:00:00,1300.000,1.31602,.04014,.00000,.51819,.66047
1977-11-24T05:00:00,1301.000,1.25298,.03749,.00000,.49140,.62861
1977-11-24T06:00:00,1302.000,1.19321,.03504,.00000,.46620,.59845
1977-11-24T07:00:00,1303.000,1.13657,.03277,.00000,.44250,.56992
1977-11-24T08:00:00,1304.000,1.08292,.03067,.00000,.42022,.54294
1977-11-24T09:00:00,1305.000,1.03211,.02873,.00000,.39927,.51743
1977-11-24T10:00:00,1306.000,.98400,.02693,.00000,.37957,.49331
1977-11-24T11:00:00,1307.000,.93845,.02525,.00000,.36105,.47050
1977-11-24T12:00:00,1308.000,.89534,.02369,.00000,.34364,.44895
1977-11-24T13:00:00,1309.000,.85453,.02224,.00000,.32726,.42858
1977-11-24T14:00:00,1310.000,.81591,.02088,.00000,.31184,.40932
1977-11-24T15:00:00,1311.000,.77937,.01961,.00000,.29734,.39111
1977-11-24T16:00:00,1312.000,.74478,.01842,.00000,.28367,.37389
1977-11-24T17:00:00,1313.000,.71204,.01730,.00000,.27080,.35761
1977-11-24T18:00:00,1314.000,.68105,.01625,.00000,.25867,.34221
1977-11-24T19:00:00,1315.000,.65170,.01527,.00000,.24724,.32764
1977-11-24T20:00:00,1316.000,.62390,.01435,.00000,.23645,.31385
1977-11-24T21:00:00,1317.000,.59756,.01348,.00000,.22627,.30079
1977-11-24T22:00:00,1318.000,.57260,.01267,.00000,.21666,.28842
1977-11-24T23:00:00,1319.000,.54895,.01191,.00000,.20758,.27670
1977-11-25T00:00:00,1320.000,.52656,.01119,.00000,.19900,.26560
1977-11-25T01:00:00,1321.000,.50544,.01053,.00000,.19088,.25507
1977-11-25T02:00:00,1322.000,.48541,.00990,.00000,.18321,.24508
1977-11-25T03:00:00,1323.000,.46634,.00932,.00000,.17594,.23560
1977-11-25T04:00:00,1324.000,.44819,.00878,.00000,.16906,.22660
1977-11-25T05:00:00,1325.000,.43093,.00828,.00000,.16255,.21805
1977-11-25T06:00:00,1326.000,.41452,.00781,.00000,.15637,.20993
1977-11-25T07:00:00,1327.000,.39891,.00738,.00000,.15052,.20221
1977-11-25T08:00:00,1328.000,.38406,.00697,.00000,.14496,.19487
1977-11-25T09:00:00,1329.000,.36992,.00660,.00000,.13969,.18789
1977-11-25T10:00:00,1330.000,.35647,.00625,.00000,.13468,.18125
1977-11-25T11:00:00,1331.000,.34366,.00592,.00000,.12993,.17492
1977-11-25T12:00:00,1332.000,.33145,.00562,.00000,.12540,.16889
1977-11-25T13:00:00,1333.000,.31982,.00534,.00000,.12110,.16315
1977-11-25T14:00:00,1334.000,.30873,.00508,.00000,.11701,.15768
1977-11-25T15:00:00,1335.000,.29815,.00483,.00000,.11312,.15246
1977-11-25T16:00:00,1336.000,.28806,.00460,.00000,.10941,.14748
1977-11-25T17:00:00,1337.000,.27843,.00439,.00000,.10588,.14272
1977-11-25T18:00:00,1338.000,.26923,.00419,.00000,.10252,.13818
1977-11-25T19:00:00,1339.000,.26044,.00400,.00000,.09931,.13385
1977-11-25T20:00:00,1340.000,.25204,.00383,.00000,.09624,.12970
1977-11-25T21:00:00,1341.000,.24402,.00366,.00000,.09332,.12574
1977-11-25T22:00:00,1342.000,.23634,.00351,.00000,.09053,.12195
1977-11-25T23:00:00,1343.000,.22899,.00337,.00000,.08786,.11833
1977-11-26T00:00:00,1344.000,.22197,.00323,.00000,.08531,.11486
1977-11-26T01:00:00,1345.000,.21527,.00310,.00000,.08288,.11154
1977-11-26T02:00:00,1346.000,.20885,.00298,.00000,.08055,.10836
1977-11-26T03:00:00,1347.000,.20269,.00287,.00000,.07832,.10531
1977-11-26T04:00:00,1348.000,.19679,.00276,.00000,.07618,.10239
1977-11-26T05:00:00,1349.000,.19112,.00266,.00000,.07414,.09958
1977-11-26T06:00:00,1350.000,.18568,.00257,.00000,.07218,.09690
1977-11-26T07:00:00,1351.000,.18046,.00248,.00000,.07030,.09432
1977-11-26T08:00:00,1352.000,.17544,.00240,.00000,.06850,.09184
1977-11-26T09:00:00,1353.000,.17063,.00232,.00000,.06677,.08946
1977-11-26T10:00:00,1354.000,.16600,.00224,.00000,.06511,.08718
1977-11-26T11:00:00,1355.000,.16156,.00217,.00000,.06352,.08499
1977-11-26T12:00:00,1356.000,.15729,.00210,.00000,.06199,.08288
1977-11-26T13:00:00,1357.000,.15318,.00204,.00000,.06052,.08085
1977-11-26T14:00:00,1358.000,.14923,.00200,.00000,.05915,.07890
1977-11-26T15:00:00,1359.000,.14543,.00200,.00000,.05792,.07702
1977-11-26T16:00:00,1360.000,.14178,.00196,.00000,.05674,.07521
1977-11-26T17:00:00,1361.000,.13826,.00190,.00000,.05558,.07348
1977-11-26T18:00:00,1362.000,.13487,.00184,.00000,.05444,.07182
1977-11-26T19:00:00,1363.000,.13161,.00179,.00000,.05333,.07022
1977-11-26T20:00:00,1364.000,.12846,.00174,.00000,.05225,.06868
1977-11-26T21:00:00,1365.000,.12543,.00169,.00000,.05119,.06721
1977-11-26T22:00:00,1366.000,.12252,.00164,.00000,.05017,.06579
1977-11-26T23:00:00,1367.000,.11971,.00160,.00000,.04918,.06443
1977-11-27T00:00:00,1368.000,.11697,.00156,.00000,.04822,.06311
1977-11-27T01:00:00,1369.000,.11428,.00152,.00000,.04729,.06185
1977-11-27T02:00:00,1370.000,.11169,.00148,.00000,.04638,.06063
1977-11-27T03:00:00,1371.000,.10920,.00145,.00000,.04551,.05944
1977-11-27T04:00:00,1372.000,.10682,.00141,.00000,.04467,.05830
1977-11-27T05:00:00,1373.000,.10453,.00138,.00000,.04385,.05720
1977-11-27T06:00:00,1374.000,.10233,.00135,.00000,.04306,.05613
1977-11-27T07:00:00,1375.000,.10021,.00132,.00000,.04229,.05510
1977-11-27T08:00:00,1376.000,.09817,.00129,.00000,.04155,.05409
1977-11-27T09:00:00,1377.000,.09619,.00127,.00000,.04084,.05312
1977-11-27T10:00:00,1378.000,.09429,.00124,.00000,.04014,.05218
1977-11-27T11:00:00,1379.000,.09244,.00122,.00000,.03947,.05127
1977-11-27T12:00:00,1380.000,.09066,.00119,.00000,.03883,.05038
1977-11-27T13:00:00,1381.000,.08894,.00117,.00000,.03820,.04952
1977-11-27T14:00:00,1382.000,.08779,.00115,.00000,.03787,.04912
1977-11-27T15:00:00,1383.000,.08736,.00113,.00000,.03785,.04921
1977-11-27T16:00:00,1384.000,.08633,.00111,.00000,.03735,.04867
1977-11-27T17:00:00,1385.000,.08484,.00109,.00000,.03658,.04780
1977-11-27T18:00:00,1386.000,.08338,.00107,.00000,.03590,.04702
1977-11-27T19:00:00,1387.000,.08196,.00105,.00000,.03526,.04626
1977-11-27T20:00:00,1388.000,.08059,.00104,.00000,.03467,.04551
1977-11-27T21:00:00,1389.000,.07924,.00102,.00000,.03411,.04479
1977-11-27T22:00:00,1390.000,.07794,.00100,.00000,.03359,.04408
1977-11-27T23:00:00,1391.000,.07667,.00099,.00000,.03309,.04338
1977-11-28T00:00:00,1392.000,.07543,.00097,.00000,.03261,.04270
1977-11-28T01:00:00,1393.000,.07422,.00096,.00000,.03215,.04203
1977-11-28T02:00:00,1394.000,.07304,.00095,.00000,.03172,.04138
1977-11-28T03:00:00,1395.000,.07189,.00093,.00000,.03130,.04074
1977-11-28T04:00:00,1396.000,.07077,.00092,.00000,.03089,.04012
1977-11-28T05:00:00,1397.000,.06967,.00091,.00000,.03050,.03952
1977-11-28T06:00:00,1398.000,.06860,.00090,.00000,.03012,.03893
1977-11-28T07:00:00,1399.000,.06756,.00089,.00000,.02976,.03836
1977-11-28T08:00:00,1400.000,.06653,.00087,.00000,.02940,.03781
1977-11-28T09:00:00,1401.000,.06554,.00086,.00000,.02906,.03728
1977-11-28T10:00:00,1402.000,.06456,.00085,.00000,.02873,.03676
1977-11-28T11:00:00,1403.000,.06361,.00084,.00000,.02841,.03626
1977-11-28T12:00:00,1404.000,.06268,.00083,.00000,.02810,.03577
1977-11-28T13:00:00,1405.000,.06178,.00082,.00000,.02780,.03530
1977-11-28T14:00:00,1406.000,.06204,.00088,.00000,.02823,.03585
1977-11-28T15:00:00,1407.000,.06383,.00101,.00000,.02954,.03760
1977-11-28T16:00:00,1408.000,.06415,.00104,.00000,.02971,.03783
1977-11-28T17:00:00,1409.000,.06335,.00101,.00000,.02917,.03719
1977-11-28T18:00:00,1410.000,.06257,.00099,.00000,.02872,.03666
1977-11-28T19:00:00,1411.000,.06182,.00097,.00000,.02831,.03616
1977-11-28T20:00:00,1412.000,.06109,.00095,.00000,.02795,.03569
1977-11-28T21:00:00,1413.000,.06040,.00093,.00000,.02762,.03526
1977-11-28T22:00:00,1414.000,.05971,.00092,.00000,.02732,.03483
1977-11-28T23:00:00,1415.000,.05904,.00090,.00000,.02704,.03442
1977-11-29T00:00:00,1416.000,.05837,.00089,.00000,.02677,.03402
1977-11-29T01:00:00,1417.000,.05781,.00087,.00000,.02652,.03362
1977-11-29T02:00:00,1418.000,.05724,.00086,.00000,.02628,.03324
1977-11-29T03:00:00,1419.000,.05666,.00085,.00000,.02604,.03286
1977-11-29T04:00:00,1420.000,.05607,.00084,.00000,.02582,.03249
1977-11-29T05:00:00,1421.000,.05548,.00083,.00000,.02560,.03212
1977-11-29T06:00:00,1422.000,.05489,.00082,.00000,.02539,.03177
1977-11-29T07:00:00,1423.000,.05430,.00081,.00000,.02519,.03142
1977-11-29T08:00:00,1424.000,.05371,.00080,.00000,.02499,.03109
1977-11-29T09:00:00,1425.000,.05313,.00079,.00000,.02479,.03076
1977-11-29T10:00:00,1426.000,.05255,.00078,.00000,.02461,.03045
1977-11-29T11:00:00,1427.000,.05199,.00078,.00000,.02443,.03014
1977-11-29T12:00:00,1428.000,.05249,.00091,.00000,.02502,.03082
1977-11-29T13:00:00,1429.000,.05352,.00109,.00000,.02597,.03181
1977-11-29T14:00:00,1430.000,.05458,.00126,.00000,.02692,.03275
1977-11-29T15:00:00,1431.000,.05786,.00176,.00000,.02955,.03583
1977-11-29T16:00:00,1432.000,.06482,.00287,.00000,.03498,.04257
1977-11-29T17:00:00,1433.000,.07700,.00509,.00017,.04473,.05511
1977-11-29T18:00:00,1434.000,.09834,.01388,.01623,.07158,.07679
1977-11-29T19:00:00,1435.000,.14317,.06871,.08130,.22402,.12233
1977-11-29T20:00:00,1436.000,.24282,.22425,.13953,.82707,.22500
1977-11-29T21:00:00,1437.000,.40387,.42455,.13987,1.90901,.40893
1977-11-29T22:00:00,1438.000,.65106,.66457,.12505,3.12197,.80603
1977-11-29T23:00:00,1439.000,1.05870,.90699,.10997,4.80617,1.70997
1977-11-30T00:00:00,1440.000,1.81252,1.08498,.10320,9.12863,3.53115
1977-11-30T01:00:00,1441.000,3.51255,1.19771,.10542,17.07126,7.64908
1977-11-30T02:00:00,1442.000,7.69484,1.26601,.10726,24.84517,15.10537
1977-11-30T03:00:00,1443.000,17.23878,1.29734,.10240,29.92364,23.90909
1977-11-30T04:00:00,1444.000,26.83951,1.29376,.09477,31.76417,28.81491
1977-11-30T05:00:00,1445.000,35.20338,1.26009,.08346,32.14990,31.49329
1977-11-30T06:00:00,1446.000,39.19151,1.21342,.07483,31.53324,32.01480
1977-11-30T07:00:00,1447.000,40.93846,1.15609,.06710,30.35515,31.55071
1977-11-30T08:00:00,1448.000,40.93196,1.08894,.05987,28.67323,30.31542
1977-11-30T09:00:00,1449.000,39.89364,1.02955,.05435,27.00422,28.85798
1977-11-30T10:00:00,1450.000,38.32840,.97252,.04950,25.28748,27.24274
1977-11-30T11:00:00,1451.000,36.51210,.91981,.04530,23.62417,25.60387
1977-11-30T12:00:00,1452.000,34.58644,.87119,.04161,22.04027,23.99302
1977-11-30T13:00:00,1453.000,32.64459,.82646,.03833,20.55326,22.44567
1977-11-30T14:00:00,1454.000,30.76199,.78758,.03574,19.18782,20.99654
1977-11-30T15:00:00,1455.000,29.17959,.76051,.03425,18.09008,19.80860
1977-11-30T16:00:00,1456.000,27.73654,.74145,.03268,17.13375,18.74667
1977-11-30T17:00:00,1457.000,26.14773,.73337,.03086,16.17722,17.60930
1977-11-30T18:00:00,1458.000,24.68859,.74111,.02921,15.47971,16.63389
1977-11-30T19:00:00,1459.000,23.46926,.75548,.02768,15.13796,15.92681
1977-11-30T20:00:00,1460.000,22.59586,.76565,.02635,15.10173,15.53203
1977-11-30T21:00:00,1461.000,21.98077,.76786,.02500,15.28156,15.39076
1977-11-30T22:00:00,1462.000,21.67071,.76082,.02373,15.52188,15.45224
1977-11-30T23:00:00,1463.000,21.58112,.74726,.02261,15.67375,15.58662
1977-12-01T00:00:00,1464.000,21.58102,.72875,.02150,15.67332,15.68861
