:OC1 - TEST CATCHMENT- OC COMPONENT DATA SET: NT, NCATR, KONT, BIOWAT           
      1      1      1      F
:OC2 - TIMESTEP CONTROL (currently not used)                                    
 1.0000 99999.
:OC3 - OTHER PARAMETERS. SMIN,CDRS,TDC,TFC,DET. (SMIN & DET not used)           
 100.00    0.0    0.0 99999.    0.0
 1.0000
:OC14 STRX                                                                      
     29 00000000000000000000
     28 00000010000000000000
     27 00011111110000000000
     26 00111111111000000000
     25 00011111111000000000
     24 00011111111000000000
     23 00011111111100000000
     22 00111111111100000000
     21 00111111111100000000
     20 01111111111111000000
     19 00111111111111110000
     18 00111111111111110000
     17 00011111111111110000
     16 00011111111111111000
     15 00001111111111111100
     14 00001111111111111110
     13 00011111111111111100
     12 00001111111111111110
     11 00001111111111111110
     10 00000111111111111100
      9 00001111111111111100
      8 00000111111111111100
      7 00000111111001111000
      6 00001111110001111000
      5 00001111100000001000
      4 00011111100000000000
      3 00111111100000000000
      2 00000100000000000000
      1 00000000000000000000
:OC17 STRY                                                                      
     29 00000000000000000000
     28 00000010000000000000
     27 00011111110000000000
     26 00111111111000000000
     25 00011111111000000000
     24 00011111111000000000
     23 00011111111100000000
     22 00111111111100000000
     21 00111111111100000000
     20 01111111111111000000
     19 00111111111111110000
     18 00111111111111110000
     17 00011111111111110000
     16 00011111111111111000
     15 00001111111111111100
     14 00001111111111111110
     13 00011111111111111100
     12 00001111111111111110
     11 00001111111111111110
     10 00000111111111111100
      9 00001111111111111100
      8 00000111111111111100
      7 00000111111001111000
      6 00001111110001111000
      5 00001111100000001000
      4 00011111100000000000
      3 00111111100000000000
      2 00000100000000000000
      1 00000000000000000000
:OC20 - HEAD AND FLUX BOUNDARY CONDITIONS: NOCHB, NOCFB, NOCPB                  
      0      0      0
:OC30 - NUMBER OF DEFAULT CHANNEL CROSS-SECTIONS                                
      0
:OC35 - CHANNEL LINK DATA (LINK NO.,BED ELEV.,DEPTH, STR. COEFF.,DEF X-S)       
      1 148.90    0.0 50.000      2
 8.8590    0.0 8.8590 1.5000
      2 147.90    0.0 50.000      2
 11.332    0.0 11.332 1.5000
      3 86.500    0.0 50.000      2
 44.935    0.0 44.935 1.5000
             4 50.000 0.7000 86.600 85.500
      4 146.90    0.0 50.000      2
 11.945    0.0 11.945 1.5000
      5 102.15    0.0 50.000      2
 44.855    0.0 44.855 1.5000
      6 145.90    0.0 50.000      2
 12.240    0.0 12.240 1.5000
      7 103.15    0.0 50.000      2
 44.696    0.0 44.696 1.5000
      8 144.90    0.0 50.000      2
 13.879    0.0 13.879 1.5000
      9 104.15    0.0 50.000      2
 44.456    0.0 44.456 1.5000
     10 120.75    0.0 50.000      2
 14.384    0.0 14.384 1.5000
     11 105.15    0.0 50.000      2
 44.214    0.0 44.214 1.5000
     12 119.12    0.0 50.000      2
 15.802    0.0 15.802 1.5000
     13 117.85    0.0 50.000      2
 16.248    0.0 16.248 1.5000
     14 106.15    0.0 50.000      2
 43.728    0.0 43.728 1.5000
     15 116.85    0.0 50.000      2
 18.116    0.0 18.116 1.5000
     16 115.85    0.0 50.000      2
 18.887    0.0 18.887 1.5000
     17 114.85    0.0 50.000      2
 19.628    0.0 19.628 1.5000
     18 107.15    0.0 50.000      2
 43.400    0.0 43.400 1.5000
     19 113.00    0.0 50.000      2
 39.709    0.0 39.709 1.5000
     20 108.15    0.0 50.000      2
 43.235    0.0 43.235 1.5000
     21 111.15    0.0 50.000      2
 39.709    0.0 39.709 1.5000
     22 110.15    0.0 50.000      2
 39.977    0.0 39.977 1.5000
     23 109.15    0.0 50.000      2
 40.066    0.0 40.066 1.5000
     24 112.30    0.0 50.000      2
 43.235    0.0 43.235 1.5000
     25 112.15    0.0 50.000      2
 34.102    0.0 34.102 1.5000
     26 116.45    0.0 50.000      2
 15.802    0.0 15.802 1.5000
     27 117.45    0.0 50.000      2
 11.643    0.0 11.643 1.5000
     28 113.15    0.0 50.000      2
 33.787    0.0 33.787 1.5000
     29 157.00    0.0 50.000      2
 10.345    0.0 10.345 1.5000
     30 164.35    0.0 50.000      2
 8.4467    0.0 8.4467 1.5000
     31 117.95    0.0 50.000      2
 9.2529    0.0 9.2529 1.5000
     32 114.15    0.0 50.000      2
 33.575    0.0 33.575 1.5000
     33 116.55    0.0 50.000      2
 28.519    0.0 28.519 1.5000
     34 115.15    0.0 50.000      2
 33.147    0.0 33.147 1.5000
     35 116.15    0.0 50.000      2
 31.605    0.0 31.605 1.5000
     36 142.80    0.0 50.000      2
 22.978    0.0 22.978 1.5000
     37 136.75    0.0 50.000      2
 23.286    0.0 23.286 1.5000
     38 118.15    0.0 50.000      2
 23.590    0.0 23.590 1.5000
     39 117.15    0.0 50.000      2
 28.519    0.0 28.519 1.5000
     40 143.80    0.0 50.000      2
 22.665    0.0 22.665 1.5000
     41 127.62    0.0 50.000      2
 15.575    0.0 15.575 1.5000
     42 129.81    0.0 50.000      2
 15.575    0.0 15.575 1.5000
     43 132.00    0.0 50.000      2
 13.086    0.0 13.086 1.5000
     44 144.80    0.0 50.000      2
 22.026    0.0 22.026 1.5000
     45 138.10    0.0 50.000      2
 15.344    0.0 15.344 1.5000
     46 152.50    0.0 50.000      2
 8.4467    0.0 8.4467 1.5000
     47 151.00    0.0 50.000      2
 10.345    0.0 10.345 1.5000
     48 147.90    0.0 50.000      2
 11.013    0.0 11.013 1.5000
     49 145.80    0.0 50.000      2
 21.700    0.0 21.700 1.5000
     50 148.75    0.0 50.000      2
 14.384    0.0 14.384 1.5000
     51 150.25    0.0 50.000      2
 13.086    0.0 13.086 1.5000
     52 151.75    0.0 50.000      2
 11.945    0.0 11.945 1.5000
     53 152.75    0.0 50.000      2
 11.332    0.0 11.332 1.5000
     54 157.25    0.0 50.000      2
 17.718    0.0 17.718 1.5000
     55 177.35    0.0 50.000      2
 14.134    0.0 14.134 1.5000
     56 171.50    0.0 50.000      2
 8.4467    0.0 8.4467 1.5000
     57 178.35    0.0 50.000      2
 13.086    0.0 13.086 1.5000
     58 180.00    0.0 50.000      2
 17.515    0.0 17.515 1.5000
     59 197.00    0.0 50.000      2
 12.810    0.0 12.810 1.5000
     60 191.50    0.0 50.000      2
 16.893    0.0 16.893 1.5000
     61 204.25    0.0 50.000      2
 16.681    0.0 16.681 1.5000
     62 198.00    0.0 50.000      2
 11.945    0.0 11.945 1.5000
     63 214.10    0.0 50.000      2
 16.248    0.0 16.248 1.5000
     64 231.00    0.0 50.000      2
 11.643    0.0 11.643 1.5000
     65 215.10    0.0 50.000      2
 15.575    0.0 15.575 1.5000
     66 254.75    0.0 50.000      2
 10.684    0.0 10.684 1.5000
     67 262.00    0.0 50.000      2
 12.240    0.0 12.240 1.5000
     68 262.00    0.0 50.000      2
 9.6307    0.0 9.6307 1.5000
     69 329.00    0.0 50.000      2
 11.332    0.0 11.332 1.5000
     70 305.75    0.0 50.000      2
 8.4467    0.0 8.4467 1.5000
     71 371.75    0.0 50.000      2
 10.345    0.0 10.345 1.5000
     72 373.00    0.0 50.000      2
 9.2529    0.0 9.2529 1.5000
