 Sample Precipitation Data. Daily Values with units of mm/day
    0.70
    5.30
   17.90
    0.90
    0.00
    1.60
    0.20
    1.10
    0.80
    0.00
    0.00
    0.00
    0.20
   14.90
    2.90
    2.00
    0.20
    0.00
    2.30
    8.30
    4.20
    4.80
    0.10
    0.00
    0.10
    0.20
    6.40
    5.40
    6.70
   13.80
   12.80
    5.00
    3.70
    1.00
   14.90
    4.20
    4.30
    8.80
    1.30
    0.20
    0.00
    0.00
    0.00
    0.00
    3.40
    0.30
    0.00
    0.00
    0.00
    0.00
    0.00
    5.00
   13.70
    0.20
    0.10
    1.20
    0.10
    0.00
    0.00
    0.00
    0.00
    0.00
    0.00
    0.00
    0.00
    3.00
    0.00
    0.10
    6.50
    3.90
    9.20
   11.00
    0.10
    1.20
    0.20
    9.40
   19.80
    1.00
    1.40
    0.70
    0.00
    0.00
    0.00
    7.10
    1.40
    6.90
    1.60
    9.90
    0.10
    0.00
    0.80
    0.00
    1.70
    0.00
    0.00
    0.00
    0.00
    0.00
    0.00
    0.00
    0.00
    0.00
    0.00
    0.00
    0.00
    0.00
    0.00
    0.00
    0.00
    0.10
    0.90
    0.00
    0.70
    3.40
    0.30
    0.00
    2.90
    1.20
    0.00
    5.10
    0.00
    0.00
    0.00
    0.00
    0.00
    0.00
    0.00
    1.20
    0.10
    0.00
    0.00
    0.00
    0.00
    0.00
    0.00
    0.00
    0.00
    0.00
    0.00
    2.70
    0.80
    0.00
    0.70
    0.00
    0.00
    0.00
    0.60
    1.50
    2.10
    1.20
    0.00
    4.20
    1.30
    0.70
    0.00
    0.00
    0.10
    0.00
    2.40
    1.90
    2.80
    1.00
    1.70
    1.30
    2.90
   12.10
    2.30
   12.20
    0.50
    0.00
    0.80
    0.30
    0.10
    2.70
    8.40
    3.20
   16.20
    5.30
    4.30
    0.50
    0.10
   24.30
    1.70
    0.00
    0.00
    0.30
    1.90
    0.90
    0.30
    5.90
    0.00
    0.10
    0.20
    3.80
    0.30
    1.80
    0.20
    0.00
    5.80
    2.70
    2.30
    0.50
    0.00
    0.00
    0.00
    0.00
    0.00
    6.80
    0.00
    0.00
    7.30
    3.40
    0.00
    3.90
    1.70
    1.70
    0.80
    0.10
    7.50
   12.80
    0.10
    0.00
    0.20
    6.90
    0.00
    0.00
   43.40
    5.40
    0.10
    0.50
    0.40
    1.00
    7.90
    0.00
    0.00
    4.90
    0.00
    0.00
    0.00
    0.00
    0.10
   17.90
    2.20
    0.00
    0.00
    0.00
    0.00
    0.30
    3.30
    0.00
    0.00
    0.00
    0.00
    0.60
    3.30
    0.00
    2.00
    3.30
    0.00
   11.60
    0.00
    0.40
    0.00
    0.50
    0.00
    0.90
    0.80
    0.00
    0.00
    0.20
    5.70
    2.20
    0.60
    0.00
    0.00
    0.00
    3.70
    0.00
    0.60
   13.10
    1.80
    0.00
    0.00
    6.40
    0.90
    0.00
    0.10
    6.10
    4.90
   18.90
   12.00
    3.00
    0.40
    4.70
    3.50
    6.30
   16.40
   11.60
    2.30
   10.80
    7.70
    2.00
    0.00
    0.00
    0.00
    0.00
    0.00
    0.00
    0.60
    2.20
    1.00
    2.40
    2.80
    2.40
    0.80
    0.50
    0.00
    1.90
    6.80
    5.80
    1.80
    6.20
    3.70
    0.80
    1.10
    2.70
    0.00
    2.60
    2.60
    9.50
    0.10
    2.60
    8.70
    2.30
    0.00
    0.30
    6.90
    5.30
    5.70
    0.90
    6.50
    0.80
    0.10
    0.00
    3.90
    0.60
    1.10
    0.20
    2.20
    0.30
    2.00
    1.40
    0.00
    8.80
    2.00
    0.20
    0.60
    0.00
    6.20
    0.90
    0.10
    0.10
    0.00
    0.00
    0.30
    0.70
    5.30
   17.90
    0.90
    0.00
    1.60
    0.20
    1.10
    0.80
    0.00
    0.00
    0.00
    0.20
   14.90
    2.90
    2.00
    0.20
    0.00
    2.30
    8.30
    4.20
    4.80
    0.10
    0.00
    0.10
    0.20
    6.40
    5.40
    6.70
   13.80
   12.80
    5.00
    3.70
    1.00
   14.90
    4.20
    4.30
    8.80
    1.30
    0.20
    0.00
    0.00
    0.00
    0.00
    3.40
    0.30
    0.00
    0.00
    0.00
    0.00
    0.00
    5.00
   13.70
    0.20
    0.10
    1.20
    0.10
    0.00
    0.00
    0.00
    0.00
    0.00
    0.00
    0.00
    0.00
    3.00
    0.00
    0.10
    6.50
    3.90
    9.20
   11.00
    0.10
    1.20
    0.20
    9.40
   19.80
    1.00
    1.40
    0.70
    0.00
    0.00
    0.00
    7.10
    1.40
    6.90
    1.60
    9.90
    0.10
    0.00
    0.80
    0.00
    1.70
    0.00
    0.00
    0.00
    0.00
    0.00
    0.00
    0.00
    0.00
    0.00
    0.00
    0.00
    0.00
    0.00
    0.00
    0.00
    0.00
    0.10
    0.90
    0.00
    0.70
    3.40
    0.30
    0.00
    2.90
    1.20
    0.00
    5.10
    0.00
    0.00
    0.00
    0.00
    0.00
    0.00
    0.00
    1.20
    0.10
    0.00
    0.00
    0.00
    0.00
    0.00
    0.00
    0.00
    0.00
    0.00
    0.00
    2.70
    0.80
    0.00
    0.70
    0.00
    0.00
    0.00
    0.60
    1.50
    2.10
    1.20
    0.00
    4.20
    1.30
    0.70
    0.00
    0.00
    0.10
    0.00
    2.40
    1.90
    2.80
    1.00
    1.70
    1.30
    2.90
   12.10
    2.30
   12.20
    0.50
    0.00
    0.80
    0.30
    0.10
    2.70
    8.40
    3.20
   16.20
    5.30
    4.30
    0.50
    0.10
   24.30
    1.70
    0.00
    0.00
    0.30
    1.90
    0.90
    0.30
    5.90
    0.00
    0.10
    0.20
    3.80
    0.30
    1.80
    0.20
    0.00
    5.80
    2.70
    2.30
    0.50
    0.00
    0.00
    0.00
    0.00
    0.00
    6.80
    0.00
    0.00
    7.30
    3.40
    0.00
    3.90
    1.70
    1.70
    0.80
    0.10
    7.50
   12.80
    0.10
    0.00
    0.20
    6.90
    0.00
    0.00
   43.40
    5.40
    0.10
    0.50
    0.40
    1.00
    7.90
    0.00
    0.00
    4.90
    0.00
    0.00
    0.00
    0.00
    0.10
   17.90
    2.20
    0.00
    0.00
    0.00
    0.00
    0.30
    3.30
    0.00
    0.00
    0.00
    0.00
    0.60
    3.30
    0.00
    2.00
    3.30
    0.00
   11.60
    0.00
    0.40
    0.00
    0.50
    0.00
    0.90
    0.80
    0.00
    0.00
    0.20
    5.70
    2.20
    0.60
    0.00
    0.00
    0.00
    3.70
    0.00
    0.60
   13.10
    1.80
    0.00
    0.00
    6.40
    0.90
    0.00
    0.10
    6.10
    4.90
   18.90
   12.00
    3.00
    0.40
    4.70
    3.50
    6.30
   16.40
   11.60
    2.30
   10.80
    7.70
    2.00
    0.00
    0.00
    0.00
    0.00
    0.00
    0.00
    0.60
    2.20
    1.00
    2.40
    2.80
    2.40
    0.80
    0.50
    0.00
    1.90
    6.80
    5.80
    1.80
    6.20
    3.70
    0.80
    1.10
    2.70
    0.00
    2.60
    2.60
    9.50
    0.10
    2.60
    8.70
    2.30
    0.00
    0.30
    6.90
    5.30
    5.70
    0.90
    6.50
    0.80
    0.10
    0.00
    3.90
    0.60
    1.10
    0.20
    2.20
    0.30
    2.00
    1.40
    0.00
    8.80
    2.00
    0.20
    0.60
    0.00
    6.20
    0.90
    0.10
    0.10
    0.00
    0.00
    0.30
