discharge at the outlet - regular timestep    1.00 hours
          0.00000000
          0.01265221
          0.14731433
          0.30647436
          0.42962898
          0.49413976
          0.54679262
          0.58503962
          0.61054391
          0.61034799
          0.59437696
          0.58297114
          0.57746836
          0.57324285
          0.57288984
          0.58393399
          0.62231541
          0.68357486
          0.74001198
          0.78434212
          0.83340353
          0.85980077
          0.86914363
          0.87637117
          0.88332945
          0.89278815
          0.90735543
          0.91973906
          0.92300984
          0.91657025
          0.90990939
          0.89784400
          0.88557469
          0.88208469
          0.89322276
          0.91378216
          0.96302815
          1.01063354
          1.03532291
          1.04071050
          1.02925526
          1.01093799
          0.99390690
          0.97327491
          0.95205899
          0.93137675
          0.94576466
          0.97055117
          1.03325322
          1.15773545
          1.27941818
          1.41897647
          1.53600516
          1.58407358
          1.58409186
          1.56026891
          1.50692540
          1.44955068
          1.40062064
          1.36909092
          1.34084677
          1.30295568
          1.25808410
          1.20878501
          1.15830488
          1.11000894
          1.06550233
          1.02530131
          0.98928494
          0.95699545
          0.92800247
          0.90193880
          0.87843568
          0.85718508
          0.83793599
          0.82046453
          0.80455980
          0.79004296
          0.77675766
          0.76455874
          0.75333565
          0.74300131
          0.73346609
          0.72464211
          0.71644648
          0.70882365
          0.70173871
          0.69514186
          0.68898810
          0.68323259
          0.67783143
          0.67274916
          0.66796136
          0.66344762
          0.65918143
          0.65514412
          0.65131408
          0.64767739
          0.64421673
          0.64091435
          0.63776227
          0.63474798
          0.63185719
          0.62907757
          0.62640133
          0.62382206
          0.62133214
          0.61892938
          0.61661389
          0.61437725
          0.61221302
          0.61011737
          0.60808709
          0.60612234
          0.60422585
          0.60239568
          0.60062116
          0.59889134
          0.59719842
          0.59553721
          0.59390401
          0.59229817
          0.59071999
          0.58916743
          0.58763828
          0.58612596
          0.58463448
          0.58316585
          0.58171516
          0.58028052
          0.57886213
          0.57746125
          0.57607779
          0.57470869
          0.57335244
          0.57200813
          0.57068108
          0.56937342
          0.56808000
          0.56679396
          0.56551882
          0.56425763
          0.56300787
          0.56176870
          0.56053623
          0.55931250
          0.55810291
          0.55690770
          0.55572447
          0.55455064
          0.55338484
          0.55222538
          0.55107170
          0.55573422
          0.55951858
          0.55772296
          0.55504324
          0.55237437
          0.55005229
          0.54812730
          0.54652981
          0.54516220
          0.54394287
          0.54281502
          0.54174032
          0.54069531
          0.53966706
          0.53864855
          0.53762998
          0.53661436
          0.53560740
          0.53460665
          0.53361043
          0.53261728
          0.53162675
          0.53063877
          0.52965341
          0.52867105
          0.52769165
          0.52671526
          0.52574200
          0.52477204
          0.52970262
          0.53644066
          0.54053137
          0.54246764
          0.54214459
          0.54113727
          0.53976282
          0.53812904
          0.53636837
          0.53708083
          0.53835543
          0.53788239
          0.53664910
          0.53497014
          0.53312454
          0.53127590
          0.52949392
          0.52778836
          0.52615517
          0.52458825
          0.52307544
          0.52160788
          0.52999146
          0.57688365
          0.63710751
          0.68038293
          0.69658728
          0.69688226
          0.69006061
          0.68042890
          0.66943998
          0.65805388
          0.64726850
          0.63619035
          0.62751588
          0.61775348
          0.60980419
          0.60236236
          0.59526618
          0.58852726
          0.58218064
          0.57641349
          0.57107209
          0.56605243
          0.56132863
          0.55687814
          0.55267618
          0.55221277
          0.54865704
          0.54471817
          0.54085209
          0.53723346
          0.53390868
          0.53085910
          0.52804397
          0.52541880
          0.52295016
          0.52060802
          0.51838462
          0.51625852
          0.51422570
          0.51227600
          0.51039873
          0.50859817
          0.50686492
          0.50519820
          0.50359622
          0.50205291
          0.50056184
          0.49911829
          0.49771061
          0.49966967
          0.49852790
          0.49684039
          0.49505817
          0.49336273
          0.49181765
          0.49042145
          0.48914136
          0.48795689
          0.48683853
          0.48576238
          0.48471820
          0.49999037
          0.50461688
          0.50644124
          0.52018955
          0.53364423
          0.54022190
          0.54340058
          0.54388978
          0.54197523
          0.53870197
          0.53488966
          0.53100664
          0.52723959
          0.52363884
          0.52022029
          0.51696825
          0.52949646
          0.56613894
          0.63709856
          0.69075284
          0.71606394
          0.72156768
          0.71589796
          0.70507773
          0.69280037
          0.67700997
          0.66272972
          0.64919395
          0.63606205
          0.62307774
          0.61219945
          0.60218289
          0.59292552
          0.58433797
          0.57635500
          0.56916709
          0.56390253
          0.55989338
          0.55426278
          0.54853823
          0.54480522
          0.55331914
          0.57942532
          0.60349510
          0.61737585
          0.62023500
          0.61642856
          0.60908773
          0.60052200
          0.59175991
          0.58332438
          0.57540460
          0.56801921
          0.56115026
          0.55476577
          0.54950614
          0.54700307
          0.54898050
          0.56012892
          0.58462934
          0.60266645
          0.61148156
          0.61294219
          0.61756393
          0.61535562
          0.61119058
          0.60554633
          0.59832403
          0.59032976
          0.58221344
          0.57433727
          0.56688655
          0.55989846
          0.55337275
          0.55055876
          0.56881193
          0.61329078
          0.73372856
          0.86092699
          0.90457161
          0.88995981
          0.86033877
          0.82675518
          0.79600884
          0.76749607
          0.74344529
          0.72127413
          0.70114251
          0.68202737
          0.66608095
          0.65111200
          0.63712860
          0.62416745
          0.61238382
          0.60187085
          0.59215771
          0.58318086
          0.57487615
          0.56718373
          0.56005700
          0.55345341
          0.54733091
          0.54162762
          0.53631512
          0.53134904
          0.52670744
          0.52236302
          0.51829532
          0.51446530
          0.51087476
          0.50749909
          0.50431989
          0.50131854
          0.49848080
          0.49579947
          0.49325590
          0.49084854
          0.48856684
          0.48639831
          0.48433399
          0.48236537
          0.48048586
          0.47868611
          0.47696149
          0.47530993
          0.47372922
          0.47600877
          0.49908152
          0.59336322
          0.82636714
          1.10699209
          1.21987713
          1.19606214
          1.13330797
          1.06944056
          1.01081127
          0.95888698
          0.91451721
          0.87114378
          0.83854948
          0.80323586
          0.77634126
          0.75135266
          0.72824776
          0.70670197
          0.68737196
          0.67051716
          0.65515367
          0.64110673
          0.62824261
          0.61644746
          0.60562694
          0.59566225
          0.58648082
          0.57799513
          0.57017821
          0.56295974
          0.55627308
          0.55006912
          0.54428819
          0.53942291
          0.55703219
          0.62053419
          0.77871470
          1.05064930
          1.35307187
          1.50489267
          1.52493691
          1.49761036
          1.44789282
          1.41696481
          1.50681748
          1.76636534
          1.90507781
          1.87139359
          1.76683123
          1.65203005
          1.55207486
          1.48346127
          1.41970196
          1.36026209
          1.29883899
          1.24138145
          1.17435265
          1.11980068
          1.06840959
          1.02088260
          0.98269877
          0.95030201
          0.91899371
          0.88925970
          0.86122766
          0.83506510
          0.81083937
          0.78850176
          0.78651394
          0.82115272
          0.96447466
          1.23667795
          1.61696431
          2.11477467
          2.74103470
          3.09032880
          3.28035949
          3.56171581
          3.65859445
          3.51290961
          3.24712755
          2.98851904
          2.72588379
          2.51071917
          2.30097341
          2.11263589
          1.95855949
          1.82109976
          1.70100497
          1.59454417
          1.49971987
          1.41495284
          1.34219660
          1.28094590
          1.22221156
          1.16780282
          1.11763816
          1.07368367
          1.04561457
          1.03863230
          1.04816805
          1.12853856
          1.29546460
          1.51526047
          1.66968512
          1.72408137
          1.70684134
          1.66069299
          1.59438824
          1.53031791
          1.46293743
          1.39561019
          1.33076300
          1.26994249
          1.21373042
          1.16214490
          1.11489570
          1.07159188
          1.03187299
          0.99538794
          0.96183850
          0.93097834
          0.90256160
          0.87636806
          0.85219958
          0.82988308
          0.81032853
          0.79680250
          0.78801867
          0.78178590
          0.77481240
          0.76777007
          0.75933788
          0.74918425
          0.73778269
          0.72587190
          0.71401027
          0.70254392
          0.69165038
          0.68139808
          0.67180185
          0.66281746
          0.65438280
          0.64645993
          0.63900573
          0.63198488
          0.62536273
          0.61912663
          0.61324237
          0.60767714
          0.60240375
          0.59740667
          0.59267232
          0.58818452
          0.58392873
          0.57989015
          0.57604933
          0.57238970
          0.56890648
          0.56558665
          0.56249194
          0.56049188
          0.56023769
          0.56092700
          0.57487810
          0.60060997
          0.62775200
          0.65062945
          0.66802447
          0.67876016
          0.68111922
          0.67789221
          0.67181473
          0.66442074
          0.65656632
          0.64870999
          0.64107607
          0.63374135
          0.62672143
          0.62001591
          0.61361759
          0.60751562
          0.60169399
          0.59613239
          0.59617324
          0.61860612
          0.70898582
          1.14048619
          3.00325117
          7.25478909
          9.09395314
          8.50405547
          7.63771369
          7.01539761
          6.60707152
          5.99260761
          5.31402573
          4.71025345
          4.18306637
          3.72628847
          3.32551857
          3.01492973
          2.72222515
          2.47582507
          2.27415204
          2.09439771
          1.93492767
          1.79412304
          1.67455820
          1.56889087
          1.47886212
          1.45343424
          1.46300169
          1.54057090
          1.66583740
          1.78249263
          1.86595761
          1.94384660
          2.04324880
          2.18149087
          2.34948769
          2.47166609
          2.50869920
          2.47283844
          2.39983632
          2.30865897
          2.20842130
          2.10130361
          1.99066982
          1.87787764
          1.76818667
          1.66533607
          1.57889087
          1.51939328
          1.47623876
          1.45776846
          1.49925246
          1.59382226
          1.68055971
          1.71722749
          1.70187359
          1.65572942
          1.59966594
          1.53948741
          1.48002682
          1.42920789
          1.39263324
          1.39060097
          1.46881327
          1.81612744
          2.28918746
          2.55327580
          2.58669668
          2.48870928
          2.34784472
          2.19509563
          2.04144690
          1.91704987
          1.78111971
          1.67804090
          1.58287510
          1.49238170
          1.41053805
          1.36292493
          1.32415255
          1.34682428
          1.42511444
          1.67100350
          2.07048192
          2.46871281
          2.87967963
          3.39721119
          3.95079908
          4.74399807
          6.44492776
          7.05387103
          6.40858206
          5.69306532
          5.05616079
          4.49822078
          4.00695277
          3.59675898
          3.24213118
          2.94300365
          2.66914792
          2.44733918
          2.24122968
          2.07776135
          1.92378989
          1.78091298
          1.66610159
          1.56374019
          1.47377964
          1.39365853
          1.32198742
          1.25770239
          1.19992684
          1.14789523
          1.10088818
          1.05833326
          1.01975195
          0.98469829
          0.95280662
          0.92373748
          0.89719650
          0.87291730
          0.85066803
          0.83027181
          0.81155811
          0.79434586
          0.77848951
          0.76385751
          0.75032438
          0.73777683
          0.72612585
          0.71531124
          0.70524928
          0.69585880
          0.68708286
          0.67887131
          0.67116915
          0.66393635
          0.65714297
          0.65075345
          0.64473694
          0.63906376
          0.63370828
          0.62865270
          0.62386093
          0.61931457
          0.61499447
          0.61088510
          0.60697455
          0.60325256
          0.59970568
          0.59632085
          0.59308376
          0.58998731
          0.58702888
          0.58420209
          0.58149652
          0.57890269
          0.57640585
          0.57399313
          0.57166774
          0.56942111
          0.56724780
          0.56514502
          0.56310924
          0.56113459
          0.55921825
          0.55735704
          0.55635288
          0.55963355
          0.57701308
          0.60442452
          0.67737778
          0.89587525
          1.37587439
          1.87882130
          2.19556168
          2.68252604
          3.30160541
          3.50898380
          3.39046413
          3.16038537
          2.90346899
          2.67028497
          2.45322500
          2.25862378
          2.10335813
          1.93732324
          1.81438275
          1.70102769
          1.60075019
          1.51589787
          1.44028863
          1.36939970
          1.30306017
          1.24171596
          1.19150369
          1.16404589
          1.13956174
          1.11530986
          1.08653598
          1.05380959
          1.01950199
          0.98568988
          0.95358260
          0.92367431
          0.89605380
          0.87061734
          0.84720814
          0.82560776
          0.80566999
          0.78727223
          0.77028289
          0.75456693
          0.73999826
          0.72647688
          0.71390882
          0.70222591
          0.69135031
          0.68120025
          0.67171409
          0.66286323
          0.65458280
          0.64682223
          0.63952937
          0.63267012
          0.62620917
          0.62011364
          0.61435878
          0.60891906
          0.60377623
          0.59890637
          0.59428884
          0.58991351
          0.58575877
          0.58181420
          0.57806486
          0.57449259
          0.57108739
          0.56783508
          0.56471660
          0.56172377
          0.55885306
          0.55609955
          0.55345598
          0.55091412
          0.54846762
          0.54611955
          0.54386467
          0.54169421
          0.53960426
          0.53757773
          0.53561357
          0.53371053
          0.53186483
          0.53006865
          0.52831991
          0.52662051
          0.52497516
          0.52338014
          0.52182581
          0.52030532
          0.51881485
          0.51735242
          0.51592719
          0.51453574
          0.51317249
          0.51183886
          0.51053540
          0.50925918
          0.50800757
          0.50677997
          0.50557410
          0.50439016
          0.50322976
          0.50288451
          0.50503508
          0.50809929
          0.51196136
          0.51088501
          0.50933825
          0.50771427
          0.50614652
          0.50469841
          0.50337851
          0.50216393
          0.50102094
          0.49992195
          0.49885240
          0.49780770
          0.49678404
          0.49577773
          0.49478484
          0.49380184
          0.49282725
          0.49186048
          0.49089888
          0.49073103
          0.49223208
          0.49133564
          0.49014676
          0.49118176
          0.52540673
          0.56606437
          0.63075512
          0.70400373
          0.74687041
          0.78583345
          0.84102199
          0.93992786
          1.13058181
          1.37173881
          1.59448239
          1.97442523
          2.39570662
          2.59016884
          2.56262437
          2.41816254
          2.24738376
          2.08328777
          1.91697105
          1.78564738
          1.66969637
          1.55022596
          1.45893870
          1.37632337
          1.30190760
          1.23568862
          1.17571918
          1.12210645
          1.07754905
          1.04302295
          1.01408034
          0.99108925
          0.97422828
          0.95712286
          0.93866257
          0.91713601
          0.89293600
          0.86750083
          0.84221820
          0.82100969
          0.80485963
          0.78917393
          0.77406819
          0.75858588
          0.74271387
          0.72688460
          0.71152670
          0.69692492
          0.68321054
          0.67039404
          0.65842815
          0.64781830
          0.64585179
          0.66172031
          0.73149213
          0.97018220
          1.57183355
          2.19792503
          2.63450710
          2.82999509
          2.95020493
          3.30378637
          3.77264613
          4.16547757
          4.48009030
          4.61013445
          4.44156488
          4.15687181
          3.78920594
          3.44220240
          3.13404364
          2.85153245
          2.59917152
          2.37925576
          2.19098129
          2.02510046
          1.87847159
          1.74849110
          1.63293526
          1.52991672
          1.43785943
          1.35543026
          1.28146975
          1.21496545
          1.15504102
          1.10092335
          1.05198073
          1.00763794
          0.96737418
          0.93077001
          0.89745022
          0.86706466
          0.83932697
          0.81396876
          0.79074929
          0.76944693
          0.74990268
          0.73900134
          0.74191723
          0.76629647
          0.89675274
          1.53078999
          3.80013079
          6.99393599
          8.92319096
          9.46304666
          9.22698224
          8.39050351
          7.44286421
          6.53890761
          5.75311157
          5.01392745
          4.45872176
          3.92842722
          3.53280333
          3.17621374
          2.84186716
          2.58589820
          2.36210540
          2.17357113
          2.01831288
          1.87967234
          1.75475817
          1.64122271
          1.53855421
          1.44637808
          1.36397306
          1.29030699
          1.22432315
          1.16508163
          1.11178662
          1.06375495
          1.02037864
          0.98111207
          0.94547384
          0.91307329
          0.88358687
          0.85668798
          0.83209301
          0.80956065
          0.78889421
          0.76993065
          0.75252706
          0.73651454
          0.72173902
          0.70808148
          0.69543453
          0.68371406
          0.67285248
          0.66275851
          0.65335510
          0.64457503
          0.63636426
          0.62867288
          0.62254968
          0.61847768
          0.61318138
          0.60944815
          0.60418802
          0.59977946
          0.59780813
          0.59446518
          0.59161993
          0.58890702
          0.58599588
          0.58278139
          0.57931657
          0.57571811
          0.57210117
          0.56854274
          0.56508836
          0.56176467
          0.55857021
          0.55549950
          0.55254581
          0.54970225
          0.54695797
          0.54430390
          0.54174613
          0.53927769
          0.53689014
          0.53457467
          0.53233044
          0.53015861
          0.52805543
          0.52601681
          0.52403909
          0.52212647
          0.52027225
          0.51846949
          0.51671240
          0.51499758
          0.51332430
          0.51168958
          0.51009270
          0.50853692
          0.50702559
          0.50555198
          0.50411334
          0.50270756
          0.50132997
          0.49997330
          0.49863323
          0.49731254
          0.49601367
          0.49474012
          0.49349084
          0.49226492
          0.49106017
          0.48987282
          0.48870436
          0.48755543
          0.48736948
          0.48854473
          0.48746294
          0.48610718
          0.48467922
          0.48328074
          0.48197341
          0.48077545
          0.47967192
          0.47863542
          0.47764183
          0.47667769
          0.47573338
          0.47479995
          0.47387247
          0.47295202
          0.47203774
          0.47112702
          0.47021826
          0.46931420
          0.46841854
          0.46753198
          0.46665305
          0.46577971
          0.46491233
          0.46405254
          0.46319988
          0.46235160
          0.46150681
          0.46066937
          0.45983978
          0.45901699
          0.45820046
          0.45739025
          0.45658642
          0.45578851
          0.45499536
          0.45420466
          0.45341374
          0.45262447
          0.45183905
          0.45105809
          0.45028133
          0.44950846
          0.44873894
          0.44797193
          0.44720585
          0.44643838
          0.44567345
          0.44491237
          0.44415569
          0.44340565
          0.44266367
          0.44192891
          0.44119961
          0.44047334
          0.43975282
          0.43903771
          0.43832727
          0.43762105
          0.43691764
          0.43621678
          0.43551508
          0.43481304
          0.43411107
          0.43341233
          0.43271780
          0.43202777
          0.43134280
          0.43066337
          0.42998839
          0.42931527
          0.42864296
          0.42797296
          0.42819236
          0.42967514
          0.42901668
          0.42808380
          0.42706279
          0.42604808
          0.42510272
          0.42425214
          0.42348851
          0.42278933
          0.42213242
          0.42149925
          0.42087402
          0.42025539
          0.41963912
          0.41902099
          0.41840828
          0.41779822
          0.41719131
          0.41658804
          0.41598793
          0.41538947
          0.41479085
          0.41419095
          0.41359266
          0.41299600
          0.41240119
          0.41180937
          0.41122126
          0.41063696
          0.41005598
          0.40947655
          0.40889811
          0.40832042
          0.40774303
          0.40716711
          0.40658506
          0.40600257
          0.40542350
          0.40484804
          0.40427569
          0.40370618
          0.40313790
          0.40256903
          0.40372743
          0.40734684
          0.40680223
          0.40570267
          0.40441482
          0.40312644
          0.40196608
          0.40098989
          0.40018763
          0.39951562
          0.39893130
          0.39839920
          0.39789292
          0.39739596
          0.39690492
          0.39641352
          0.39591440
          0.39541023
          0.39490531
          0.39440108
          0.39389791
          0.39339379
          0.39288802
          0.39238094
          0.39187341
          0.39136710
          0.39086159
          0.39035682
          0.38985205
          0.38934804
          0.38884575
          0.38834440
          0.38784351
          0.38734226
          0.38683964
          0.38633853
          0.38583984
          0.38534168
          0.38484337
          0.38434368
          0.38383984
          0.38333402
          0.38282879
          0.38232450
          0.38182038
          0.38131893
          0.38082098
          0.38032600
          0.37983301
          0.37934163
          0.37885160
          0.37836196
          0.37787148
          0.37738411
          0.37690018
          0.37641887
          0.37593850
          0.37545639
          0.37497494
          0.37449536
          0.37401793
          0.37354369
          0.37307340
          0.37260496
          0.37213360
          0.37166093
          0.37118876
          0.37071782
          0.37024865
          0.37216175
          0.38324588
          0.38446805
          0.38327232
          0.38116997
          0.37869693
          0.37633351
          0.37479504
          0.37377691
          0.37326496
          0.37538509
          0.37521873
          0.37482094
          0.37709403
          0.38715140
          0.41156424
          0.43922866
          0.46543441
          0.48511183
          0.49340933
          0.49275792
          0.48716381
          0.48086878
          0.47382031
          0.46791356
          0.46202325
          0.45634247
          0.45157846
          0.44714731
          0.44309054
          0.43930398
          0.43573447
          0.43234695
          0.42911344
          0.42601819
          0.42305718
          0.42022961
          0.41753078
          0.41496082
          0.41251225
          0.41018151
          0.40796462
          0.40584783
          0.40381510
          0.40186193
          0.39998432
          0.39817555
          0.39642458
          0.39472212
          0.39307024
          0.39147463
          0.38993415
          0.38844644
          0.38700885
          0.38561863
          0.38427278
          0.38296946
          0.38170746
          0.38048388
          0.37929441
          0.37813732
          0.37700968
          0.37591100
          0.37484581
          0.37381422
          0.37281316
          0.37184090
          0.37089171
          0.36996232
          0.36905241
          0.36816318
          0.36729451
          0.36644713
          0.36562198
          0.36481888
          0.36403653
          0.36327264
          0.36252492
          0.36179346
          0.36108040
          0.36038613
          0.35970866
          0.35904676
          0.35839921
          0.35776409
          0.35713805
          0.35651851
          0.35590785
          0.35530536
          0.35471133
          0.35412922
          0.35355115
          0.35297361
          0.35240211
          0.35183819
          0.35128088
          0.35072586
          0.35017482
          0.34963603
          0.34910975
          0.34859272
          0.34808317
          0.34758041
          0.34708194
          0.34658620
          0.34609800
          0.34561578
          0.34513609
          0.34465830
          0.34418650
          0.34371936
          0.34325597
          0.34279591
          0.34233945
          0.34188486
          0.34142737
          0.34096644
          0.34050524
          0.34004806
          0.33959420
          0.33914280
          0.33869767
          0.33826018
          0.33782803
          0.33739900
          0.33697440
          0.33655279
          0.33613497
          0.33571891
          0.33530421
          0.33583838
          0.34012349
          0.34819601
          0.37768053
          0.45990616
          0.72142036
          1.66308879
          2.73445756
          3.00340850
