          Spatially Averaged Totals (mm) over the simulation
     Time(Hours),       Cum Prec., Cum. Can. Evap., Cum. Soil Evap.,      Cum. Trans,  Cum. Aqu. Flow,  Cum. Discharge,  Canopy Storage,    Snow Storage,Subsurface Stor., Land Surf Stor.,   Channel Stor.
           0.050,           0.004,           0.000,           0.000,           0.002,           0.000,           0.000,           0.004,           0.000,        4149.992,           0.000,           0.000
          24.378,           2.031,           0.778,           0.000,           0.226,           0.006,           0.000,           0.837,           0.000,        4150.193,           0.000,           0.000
          48.315,           4.026,           1.775,           0.000,           0.226,          -0.018,           0.000,           0.868,           0.000,        4151.144,           0.000,           0.000
          72.315,           6.026,           2.775,           0.000,           0.226,          -0.101,           0.000,           0.872,           0.000,        4152.064,           0.000,           0.000
          96.315,           8.026,           3.775,           0.000,           0.226,          -0.241,           0.000,           0.873,           0.000,        4152.931,           0.000,           0.000
         120.315,          10.026,           4.775,           0.000,           0.226,          -0.434,           0.000,           0.873,           0.000,        4153.745,           0.000,           0.000
         144.315,          12.026,           5.775,           0.000,           0.226,          -0.678,           0.000,           0.873,           0.000,        4154.508,           0.000,           0.000
         168.315,          14.026,           6.775,           0.000,           0.226,          -0.968,           0.000,           0.873,           0.000,        4155.223,           0.000,           0.000
         192.315,          16.026,           7.775,           0.000,           0.226,          -1.303,           0.000,           0.873,           0.000,        4155.894,           0.000,           0.000
         216.315,          18.026,           8.775,           0.000,           0.226,          -1.679,           0.000,           0.873,           0.000,        4156.524,           0.000,           0.000
         240.315,          20.026,           9.775,           0.000,           0.226,          -2.094,           0.000,           0.873,           0.000,        4157.114,           0.000,           0.000
         264.315,          22.000,          10.775,           0.000,           0.226,          -2.545,           0.000,           0.848,           0.000,        4157.658,           0.000,           0.000
         288.315,          22.000,          11.362,           0.000,           0.619,          -3.012,           0.000,           0.225,           0.000,        4156.834,           0.000,           0.000
         312.315,          22.000,          11.525,           0.000,           1.416,          -3.425,           0.000,           0.062,           0.000,        4155.614,           0.000,           0.000
         336.315,          22.000,          11.570,           0.000,           2.324,          -3.761,           0.000,           0.017,           0.000,        4154.358,           0.000,           0.000
         360.315,          22.000,          11.583,           0.000,           3.264,          -4.020,           0.000,           0.005,           0.000,        4153.150,           0.000,           0.000
         384.315,          22.000,          11.586,           0.000,           4.211,          -4.203,           0.000,           0.001,           0.000,        4152.009,           0.000,           0.000
         408.315,          22.000,          11.587,           0.000,           5.161,          -4.317,           0.000,           0.000,           0.000,        4150.935,           0.000,           0.000
         432.315,          22.000,          11.588,           0.000,           6.112,          -4.364,           0.000,           0.000,           0.000,        4149.929,           0.000,           0.000
         456.315,          22.000,          11.588,           0.000,           7.062,          -4.348,           0.000,           0.000,           0.000,        4148.985,           0.000,           0.000
         480.315,          22.000,          11.588,           0.000,           8.013,          -4.273,           0.000,           0.000,           0.000,        4148.102,           0.000,           0.000
         504.315,          22.026,          11.589,           0.000,           8.962,          -4.142,           0.000,           0.025,           0.000,        4147.275,           0.000,           0.000
         528.315,          24.026,          12.383,           0.000,           9.158,          -3.970,           0.000,           0.826,           0.000,        4147.661,           0.000,           0.000
         552.315,          26.026,          13.383,           0.000,           9.158,          -3.836,           0.000,           0.866,           0.000,        4148.766,           0.000,           0.000
         576.315,          28.026,          14.383,           0.000,           9.158,          -3.770,           0.000,           0.872,           0.000,        4149.835,           0.000,           0.000
         600.315,          30.026,          15.383,           0.000,           9.158,          -3.772,           0.000,           0.873,           0.000,        4150.841,           0.000,           0.000
         624.315,          32.026,          16.383,           0.000,           9.158,          -3.836,           0.000,           0.873,           0.000,        4151.785,           0.000,           0.000
         648.315,          34.026,          17.383,           0.000,           9.158,          -3.959,           0.000,           0.873,           0.000,        4152.670,           0.000,           0.000
         672.315,          36.026,          18.383,           0.000,           9.158,          -4.136,           0.000,           0.873,           0.000,        4153.500,           0.000,           0.000
         696.315,          38.026,          19.383,           0.000,           9.158,          -4.365,           0.000,           0.873,           0.000,        4154.278,           0.000,           0.000
         720.315,          40.026,          20.383,           0.000,           9.158,          -4.641,           0.000,           0.873,           0.000,        4155.008,           0.000,           0.000
         744.315,          42.026,          21.383,           0.000,           9.158,          -4.963,           0.000,           0.873,           0.000,        4155.693,           0.000,           0.000
         768.315,          44.026,          22.383,           0.000,           9.158,          -5.326,           0.000,           0.873,           0.000,        4156.334,           0.000,           0.000
         792.315,          46.026,          23.383,           0.000,           9.158,          -5.730,           0.000,           0.873,           0.000,        4156.936,           0.000,           0.000
         816.315,          48.026,          24.383,           0.000,           9.158,          -6.170,           0.000,           0.873,           0.000,        4157.495,           0.000,           0.000
         840.315,          50.026,          25.383,           0.000,           9.158,          -6.645,           0.000,           0.873,           0.000,        4158.016,           0.000,           0.000
         864.315,          52.026,          26.383,           0.000,           9.158,          -7.152,           0.000,           0.873,           0.000,        4158.505,           0.000,           0.000
         888.315,          54.026,          27.383,           0.000,           9.158,          -7.690,           0.000,           0.873,           0.000,        4158.965,           0.000,           0.000
         912.315,          56.026,          28.383,           0.000,           9.158,          -8.257,           0.000,           0.873,           0.000,        4159.385,           0.000,           0.000
         936.315,          58.026,          29.383,           0.000,           9.158,          -8.849,           0.000,           0.873,           0.000,        4159.797,           0.000,           0.000
         960.315,          60.026,          30.383,           0.000,           9.158,          -9.467,           0.000,           0.873,           0.000,        4160.183,           0.000,           0.000
         984.315,          62.026,          31.383,           0.000,           9.158,         -10.108,           0.000,           0.873,           0.000,        4160.545,           0.000,           0.000
        1008.315,          64.026,          32.383,           0.000,           9.158,         -10.771,           0.000,           0.873,           0.000,        4160.885,           0.000,           0.000
        1032.315,          66.026,          33.383,           0.000,           9.158,         -11.455,           0.000,           0.873,           0.000,        4161.205,           0.000,           0.000
        1056.315,          68.026,          34.383,           0.000,           9.158,         -12.158,           0.000,           0.873,           0.000,        4161.504,           0.000,           0.000
        1080.315,          70.026,          35.383,           0.000,           9.158,         -12.879,           0.000,           0.873,           0.000,        4161.786,           0.000,           0.000
        1104.315,          72.026,          36.383,           0.000,           9.158,         -13.618,           0.000,           0.873,           0.000,        4162.050,           0.000,           0.000
        1128.315,          74.026,          37.383,           0.000,           9.158,         -14.372,           0.000,           0.873,           0.000,        4162.297,           0.000,           0.000
        1152.315,          76.026,          38.383,           0.000,           9.158,         -15.142,           0.000,           0.873,           0.000,        4162.530,           0.000,           0.000
        1176.315,          78.026,          39.383,           0.000,           9.158,         -15.926,           0.000,           0.873,           0.000,        4162.748,           0.000,           0.000
        1200.315,          80.026,          40.383,           0.000,           9.158,         -16.723,           0.000,           0.873,           0.000,        4162.953,           0.000,           0.000
        1224.315,          82.026,          41.383,           0.000,           9.158,         -17.532,           0.000,           0.873,           0.000,        4163.145,           0.000,           0.000
        1248.315,          84.026,          42.383,           0.000,           9.158,         -18.353,           0.000,           0.873,           0.000,        4163.326,           0.000,           0.000
        1272.315,          86.026,          43.383,           0.000,           9.158,         -19.185,           0.000,           0.873,           0.000,        4163.496,           0.000,           0.000
        1296.315,          88.026,          44.383,           0.000,           9.158,         -20.027,           0.000,           0.873,           0.000,        4163.655,           0.000,           0.000
        1320.315,          90.026,          45.383,           0.000,           9.158,         -20.879,           0.000,           0.873,           0.000,        4163.805,           0.000,           0.000
        1344.315,          92.026,          46.383,           0.000,           9.158,         -21.739,           0.000,           0.873,           0.000,        4163.945,           0.000,           0.000
        1368.315,          94.026,          47.383,           0.000,           9.158,         -22.608,           0.000,           0.873,           0.000,        4164.077,           0.000,           0.000
        1392.315,          96.026,          48.383,           0.000,           9.158,         -23.486,           0.000,           0.873,           0.000,        4164.201,           0.000,           0.000
        1416.315,          98.026,          49.383,           0.000,           9.158,         -24.370,           0.000,           0.873,           0.000,        4164.318,           0.000,           0.000
        1440.315,         100.026,          50.383,           0.000,           9.158,         -25.262,           0.000,           0.873,           0.000,        4164.427,           0.000,           0.000
        1464.315,         102.026,          51.383,           0.000,           9.158,         -26.160,           0.000,           0.873,           0.000,        4164.530,           0.000,           0.000
        1488.315,         104.026,          52.383,           0.000,           9.158,         -27.064,           0.000,           0.873,           0.000,        4164.627,           0.000,           0.000
        1512.315,         106.026,          53.383,           0.000,           9.158,         -27.974,           0.000,           0.873,           0.000,        4164.717,           0.000,           0.000
        1536.315,         108.026,          54.383,           0.000,           9.158,         -28.890,           0.000,           0.873,           0.000,        4164.803,           0.000,           0.000
        1560.315,         110.026,          55.383,           0.000,           9.158,         -29.810,           0.000,           0.873,           0.000,        4164.883,           0.000,           0.000
        1584.315,         112.026,          56.383,           0.000,           9.158,         -30.736,           0.000,           0.873,           0.000,        4164.958,           0.000,           0.000
        1608.315,         114.026,          57.383,           0.000,           9.158,         -31.666,           0.000,           0.873,           0.000,        4165.029,           0.000,           0.000
        1632.315,         116.026,          58.383,           0.000,           9.158,         -32.600,           0.000,           0.873,           0.000,        4165.095,           0.000,           0.000
        1656.315,         118.026,          59.383,           0.000,           9.158,         -33.538,           0.000,           0.873,           0.000,        4165.157,           0.000,           0.000
        1680.315,         120.026,          60.383,           0.000,           9.158,         -34.480,           0.000,           0.873,           0.000,        4165.216,           0.000,           0.000
        1704.315,         122.026,          61.383,           0.000,           9.158,         -35.425,           0.000,           0.873,           0.000,        4165.271,           0.000,           0.000
        1728.315,         124.026,          62.383,           0.000,           9.158,         -36.374,           0.000,           0.873,           0.000,        4165.323,           0.000,           0.000
        1752.315,         126.026,          63.383,           0.000,           9.158,         -37.326,           0.000,           0.873,           0.000,        4165.371,           0.000,           0.000
        1776.315,         128.026,          64.383,           0.000,           9.158,         -38.281,           0.000,           0.873,           0.000,        4165.417,           0.000,           0.000
        1800.315,         130.026,          65.383,           0.000,           9.158,         -39.238,           0.000,           0.873,           0.000,        4165.460,           0.000,           0.000
        1824.315,         132.026,          66.383,           0.000,           9.158,         -40.198,           0.000,           0.873,           0.000,        4165.500,           0.000,           0.000
        1848.315,         134.026,          67.383,           0.000,           9.158,         -41.161,           0.000,           0.873,           0.000,        4165.538,           0.000,           0.000
        1872.315,         136.026,          68.383,           0.000,           9.158,         -42.125,           0.000,           0.873,           0.000,        4165.574,           0.000,           0.000
        1896.315,         138.026,          69.383,           0.000,           9.158,         -43.092,           0.000,           0.873,           0.000,        4165.608,           0.000,           0.000
        1920.315,         140.026,          70.383,           0.000,           9.158,         -44.061,           0.000,           0.873,           0.000,        4165.639,           0.000,           0.000
        1944.315,         142.026,          71.383,           0.000,           9.158,         -45.031,           0.000,           0.873,           0.000,        4165.669,           0.000,           0.000
        1968.315,         144.026,          72.383,           0.000,           9.158,         -46.004,           0.000,           0.873,           0.000,        4165.696,           0.000,           0.000
        1992.315,         146.026,          73.383,           0.000,           9.158,         -46.978,           0.000,           0.873,           0.000,        4165.723,           0.000,           0.000
        2016.315,         148.026,          74.383,           0.000,           9.158,         -47.954,           0.000,           0.873,           0.000,        4165.747,           0.000,           0.000
        2040.315,         150.026,          75.383,           0.000,           9.158,         -48.931,           0.000,           0.873,           0.000,        4165.770,           0.000,           0.000
        2064.315,         152.026,          76.383,           0.000,           9.158,         -49.909,           0.000,           0.873,           0.000,        4165.792,           0.000,           0.000
        2088.315,         154.026,          77.383,           0.000,           9.158,         -50.889,           0.000,           0.873,           0.000,        4165.812,           0.000,           0.000
        2112.315,         156.026,          78.383,           0.000,           9.158,         -51.870,           0.000,           0.873,           0.000,        4165.832,           0.000,           0.000
        2136.315,         158.026,          79.383,           0.000,           9.158,         -52.852,           0.000,           0.873,           0.000,        4165.850,           0.000,           0.000
        2160.315,         160.026,          80.383,           0.000,           9.158,         -53.835,           0.000,           0.873,           0.000,        4165.866,           0.000,           0.000
        2184.315,         162.026,          81.383,           0.000,           9.158,         -54.820,           0.000,           0.873,           0.000,        4165.882,           0.000,           0.000
        2208.315,         164.026,          82.383,           0.000,           9.158,         -55.805,           0.000,           0.873,           0.000,        4165.897,           0.000,           0.000
        2232.315,         166.026,          83.383,           0.000,           9.158,         -56.791,           0.000,           0.873,           0.000,        4165.911,           0.000,           0.000
        2256.315,         168.026,          84.383,           0.000,           9.158,         -57.778,           0.000,           0.873,           0.000,        4165.925,           0.000,           0.000
        2280.315,         170.026,          85.383,           0.000,           9.158,         -58.765,           0.000,           0.873,           0.000,        4165.937,           0.000,           0.000
        2304.315,         172.026,          86.383,           0.000,           9.158,         -59.754,           0.000,           0.873,           0.000,        4165.949,           0.000,           0.000
        2328.315,         174.026,          87.383,           0.000,           9.158,         -60.743,           0.000,           0.873,           0.000,        4165.960,           0.000,           0.000
        2352.315,         176.026,          88.383,           0.000,           9.158,         -61.733,           0.000,           0.873,           0.000,        4165.970,           0.000,           0.000
        2376.315,         178.026,          89.383,           0.000,           9.158,         -62.723,           0.000,           0.873,           0.000,        4165.980,           0.000,           0.000
        2400.315,         180.026,          90.383,           0.000,           9.158,         -63.714,           0.000,           0.873,           0.000,        4165.989,           0.000,           0.000
        2424.315,         182.026,          91.383,           0.000,           9.158,         -64.706,           0.000,           0.873,           0.000,        4165.997,           0.000,           0.000
        2448.315,         184.026,          92.383,           0.000,           9.158,         -65.698,           0.000,           0.873,           0.000,        4166.005,           0.000,           0.000
        2472.315,         186.026,          93.383,           0.000,           9.158,         -66.690,           0.000,           0.873,           0.000,        4166.013,           0.000,           0.000
        2496.315,         188.026,          94.383,           0.000,           9.158,         -67.683,           0.000,           0.873,           0.000,        4166.020,           0.000,           0.000
        2520.315,         190.026,          95.383,           0.000,           9.158,         -68.676,           0.000,           0.873,           0.000,        4166.027,           0.000,           0.000
        2544.315,         192.026,          96.383,           0.000,           9.158,         -69.670,           0.000,           0.873,           0.000,        4166.033,           0.000,           0.000
        2568.315,         194.026,          97.383,           0.000,           9.158,         -70.664,           0.000,           0.873,           0.000,        4166.039,           0.000,           0.000
        2592.315,         196.026,          98.383,           0.000,           9.158,         -71.659,           0.000,           0.873,           0.000,        4166.045,           0.000,           0.000
        2616.315,         198.026,          99.383,           0.000,           9.158,         -72.654,           0.000,           0.873,           0.000,        4166.050,           0.000,           0.000
        2640.315,         200.026,         100.383,           0.000,           9.158,         -73.649,           0.000,           0.873,           0.000,        4166.055,           0.000,           0.000
        2664.315,         202.026,         101.383,           0.000,           9.158,         -74.644,           0.000,           0.873,           0.000,        4166.059,           0.000,           0.000
        2688.315,         204.026,         102.383,           0.000,           9.158,         -75.640,           0.000,           0.873,           0.000,        4166.064,           0.000,           0.000
        2712.315,         206.026,         103.383,           0.000,           9.158,         -76.636,           0.000,           0.873,           0.000,        4166.068,           0.000,           0.000
        2736.315,         208.026,         104.383,           0.000,           9.158,         -77.632,           0.000,           0.873,           0.000,        4166.072,           0.000,           0.000
        2760.315,         210.026,         105.383,           0.000,           9.158,         -78.629,           0.000,           0.873,           0.000,        4166.075,           0.000,           0.000
        2784.315,         212.026,         106.383,           0.000,           9.158,         -79.625,           0.000,           0.873,           0.000,        4166.079,           0.000,           0.000
        2808.315,         214.026,         107.383,           0.000,           9.158,         -80.622,           0.000,           0.873,           0.000,        4166.082,           0.000,           0.000
        2832.315,         216.026,         108.383,           0.000,           9.158,         -81.619,           0.000,           0.873,           0.000,        4166.085,           0.000,           0.000
        2856.315,         218.026,         109.383,           0.000,           9.158,         -82.616,           0.000,           0.873,           0.000,        4166.087,           0.000,           0.000
        2880.315,         220.026,         110.383,           0.000,           9.158,         -83.614,           0.000,           0.873,           0.000,        4166.090,           0.000,           0.000
        2904.315,         222.026,         111.383,           0.000,           9.158,         -84.611,           0.000,           0.873,           0.000,        4166.093,           0.000,           0.000
        2928.315,         224.026,         112.383,           0.000,           9.158,         -85.609,           0.000,           0.873,           0.000,        4166.095,           0.000,           0.000
        2952.315,         226.026,         113.383,           0.000,           9.158,         -86.607,           0.000,           0.873,           0.000,        4166.097,           0.000,           0.000
        2976.315,         228.026,         114.383,           0.000,           9.158,         -87.605,           0.000,           0.873,           0.000,        4166.099,           0.000,           0.000
        3000.315,         230.026,         115.383,           0.000,           9.158,         -88.603,           0.000,           0.873,           0.000,        4166.101,           0.000,           0.000
        3024.315,         232.026,         116.383,           0.000,           9.158,         -89.601,           0.000,           0.873,           0.000,        4166.103,           0.000,           0.000
        3048.315,         234.026,         117.383,           0.000,           9.158,         -90.599,           0.000,           0.873,           0.000,        4166.105,           0.000,           0.000
        3072.315,         236.026,         118.383,           0.000,           9.158,         -91.598,           0.000,           0.873,           0.000,        4166.106,           0.000,           0.000
        3096.315,         238.026,         119.383,           0.000,           9.158,         -92.596,           0.000,           0.873,           0.000,        4166.108,           0.000,           0.000
        3120.315,         240.026,         120.383,           0.000,           9.158,         -93.595,           0.000,           0.873,           0.000,        4166.109,           0.000,           0.000
        3144.315,         242.026,         121.383,           0.000,           9.158,         -94.594,           0.000,           0.873,           0.000,        4166.110,           0.000,           0.000
        3168.315,         244.026,         122.383,           0.000,           9.158,         -95.592,           0.000,           0.873,           0.000,        4166.112,           0.000,           0.000
        3192.315,         246.026,         123.383,           0.000,           9.158,         -96.591,           0.000,           0.873,           0.000,        4166.113,           0.000,           0.000
        3216.315,         248.026,         124.383,           0.000,           9.158,         -97.590,           0.000,           0.873,           0.000,        4166.114,           0.000,           0.000
        3240.315,         250.026,         125.383,           0.000,           9.158,         -98.589,           0.000,           0.873,           0.000,        4166.115,           0.000,           0.000
        3264.315,         252.026,         126.383,           0.000,           9.158,         -99.588,           0.000,           0.873,           0.000,        4166.116,           0.000,           0.000
        3288.315,         254.026,         127.383,           0.000,           9.158,        -100.587,           0.000,           0.873,           0.000,        4166.117,           0.000,           0.000
        3312.315,         256.026,         128.383,           0.000,           9.158,        -101.586,           0.000,           0.873,           0.000,        4166.118,           0.000,           0.000
        3336.315,         258.026,         129.383,           0.000,           9.158,        -102.585,           0.000,           0.873,           0.000,        4166.119,           0.000,           0.000
        3360.315,         260.026,         130.383,           0.000,           9.158,        -103.585,           0.000,           0.873,           0.000,        4166.119,           0.000,           0.000
        3384.315,         262.026,         131.383,           0.000,           9.158,        -104.584,           0.000,           0.873,           0.000,        4166.120,           0.000,           0.000
        3408.315,         264.026,         132.383,           0.000,           9.158,        -105.583,           0.000,           0.873,           0.000,        4166.121,           0.000,           0.000
        3432.315,         266.026,         133.383,           0.000,           9.158,        -106.583,           0.000,           0.873,           0.000,        4166.121,           0.000,           0.000
        3456.315,         268.026,         134.383,           0.000,           9.158,        -107.582,           0.000,           0.873,           0.000,        4166.122,           0.000,           0.000
        3480.315,         270.026,         135.383,           0.000,           9.158,        -108.582,           0.000,           0.873,           0.000,        4166.123,           0.000,           0.000
        3504.315,         272.026,         136.383,           0.000,           9.158,        -109.581,           0.000,           0.873,           0.000,        4166.123,           0.000,           0.000
        3528.315,         274.026,         137.383,           0.000,           9.158,        -110.581,           0.000,           0.873,           0.000,        4166.124,           0.000,           0.000
        3552.315,         276.026,         138.383,           0.000,           9.158,        -111.580,           0.000,           0.873,           0.000,        4166.124,           0.000,           0.000
        3576.315,         278.026,         139.383,           0.000,           9.158,        -112.580,           0.000,           0.873,           0.000,        4166.125,           0.000,           0.000
        3600.315,         280.026,         140.383,           0.000,           9.158,        -113.579,           0.000,           0.873,           0.000,        4166.125,           0.000,           0.000
        3624.315,         282.026,         141.383,           0.000,           9.158,        -114.579,           0.000,           0.873,           0.000,        4166.125,           0.000,           0.000
        3648.315,         284.026,         142.383,           0.000,           9.158,        -115.578,           0.000,           0.873,           0.000,        4166.126,           0.000,           0.000
        3672.315,         286.026,         143.383,           0.000,           9.158,        -116.578,           0.000,           0.873,           0.000,        4166.126,           0.000,           0.000
        3696.315,         288.026,         144.383,           0.000,           9.158,        -117.578,           0.000,           0.873,           0.000,        4166.126,           0.000,           0.000
        3720.315,         290.026,         145.383,           0.000,           9.158,        -118.578,           0.000,           0.873,           0.000,        4166.127,           0.000,           0.000
        3744.315,         292.026,         146.383,           0.000,           9.158,        -119.577,           0.000,           0.873,           0.000,        4166.127,           0.000,           0.000
        3768.315,         294.026,         147.383,           0.000,           9.158,        -120.577,           0.000,           0.873,           0.000,        4166.127,           0.000,           0.000
        3792.315,         296.026,         148.383,           0.000,           9.158,        -121.577,           0.000,           0.873,           0.000,        4166.127,           0.000,           0.000
        3816.315,         298.026,         149.383,           0.000,           9.158,        -122.577,           0.000,           0.873,           0.000,        4166.128,           0.000,           0.000
        3840.315,         300.026,         150.383,           0.000,           9.158,        -123.576,           0.000,           0.873,           0.000,        4166.128,           0.000,           0.000
        3864.315,         302.026,         151.383,           0.000,           9.158,        -124.576,           0.000,           0.873,           0.000,        4166.128,           0.000,           0.000
        3888.315,         304.026,         152.383,           0.000,           9.158,        -125.576,           0.000,           0.873,           0.000,        4166.128,           0.000,           0.000
        3912.315,         306.026,         153.383,           0.000,           9.158,        -126.576,           0.000,           0.873,           0.000,        4166.128,           0.000,           0.000
        3936.315,         308.026,         154.383,           0.000,           9.158,        -127.576,           0.000,           0.873,           0.000,        4166.129,           0.000,           0.000
        3960.315,         310.026,         155.383,           0.000,           9.158,        -128.575,           0.000,           0.873,           0.000,        4166.129,           0.000,           0.000
        3984.315,         312.026,         156.383,           0.000,           9.158,        -129.575,           0.000,           0.873,           0.000,        4166.129,           0.000,           0.000
        4008.315,         314.026,         157.383,           0.000,           9.158,        -130.575,           0.000,           0.873,           0.000,        4166.129,           0.000,           0.000
        4032.315,         316.026,         158.383,           0.000,           9.158,        -131.575,           0.000,           0.873,           0.000,        4166.129,           0.000,           0.000
        4056.315,         318.026,         159.383,           0.000,           9.158,        -132.575,           0.000,           0.873,           0.000,        4166.129,           0.000,           0.000
        4080.315,         320.026,         160.383,           0.000,           9.158,        -133.575,           0.000,           0.873,           0.000,        4166.129,           0.000,           0.000
        4104.315,         322.026,         161.383,           0.000,           9.158,        -134.575,           0.000,           0.873,           0.000,        4166.130,           0.000,           0.000
        4128.315,         324.026,         162.383,           0.000,           9.158,        -135.574,           0.000,           0.873,           0.000,        4166.130,           0.000,           0.000
        4152.315,         326.026,         163.383,           0.000,           9.158,        -136.574,           0.000,           0.873,           0.000,        4166.130,           0.000,           0.000
        4176.315,         328.026,         164.383,           0.000,           9.158,        -137.574,           0.000,           0.873,           0.000,        4166.130,           0.000,           0.000
        4200.315,         330.026,         165.383,           0.000,           9.158,        -138.574,           0.000,           0.873,           0.000,        4166.130,           0.000,           0.000
        4224.315,         332.026,         166.383,           0.000,           9.158,        -139.574,           0.000,           0.873,           0.000,        4166.130,           0.000,           0.000
        4248.315,         334.026,         167.383,           0.000,           9.158,        -140.574,           0.000,           0.873,           0.000,        4166.130,           0.000,           0.000
        4272.315,         336.026,         168.383,           0.000,           9.158,        -141.574,           0.000,           0.873,           0.000,        4166.130,           0.000,           0.000
        4296.315,         338.026,         169.383,           0.000,           9.158,        -142.574,           0.000,           0.873,           0.000,        4166.130,           0.000,           0.000
        4320.315,         340.026,         170.383,           0.000,           9.158,        -143.574,           0.000,           0.873,           0.000,        4166.130,           0.000,           0.000
        4344.315,         342.026,         171.383,           0.000,           9.158,        -144.574,           0.000,           0.873,           0.000,        4166.130,           0.000,           0.000
        4368.315,         344.026,         172.383,           0.000,           9.158,        -145.574,           0.000,           0.873,           0.000,        4166.130,           0.000,           0.000
        4392.315,         346.026,         173.383,           0.000,           9.158,        -146.574,           0.000,           0.873,           0.000,        4166.130,           0.000,           0.000
        4416.315,         348.026,         174.383,           0.000,           9.158,        -147.574,           0.000,           0.873,           0.000,        4166.131,           0.000,           0.000
        4440.315,         350.026,         175.383,           0.000,           9.158,        -148.574,           0.000,           0.873,           0.000,        4166.131,           0.000,           0.000
        4464.315,         352.026,         176.383,           0.000,           9.158,        -149.574,           0.000,           0.873,           0.000,        4166.131,           0.000,           0.000
        4488.315,         354.026,         177.383,           0.000,           9.158,        -150.574,           0.000,           0.873,           0.000,        4166.131,           0.000,           0.000
        4512.315,         356.026,         178.383,           0.000,           9.158,        -151.573,           0.000,           0.873,           0.000,        4166.131,           0.000,           0.000
        4536.315,         358.026,         179.383,           0.000,           9.158,        -152.573,           0.000,           0.873,           0.000,        4166.131,           0.000,           0.000
        4560.315,         360.026,         180.383,           0.000,           9.158,        -153.573,           0.000,           0.873,           0.000,        4166.131,           0.000,           0.000
        4584.315,         362.026,         181.383,           0.000,           9.158,        -154.573,           0.000,           0.873,           0.000,        4166.131,           0.000,           0.000
        4608.315,         364.026,         182.383,           0.000,           9.158,        -155.573,           0.000,           0.873,           0.000,        4166.131,           0.000,           0.000
        4632.315,         366.026,         183.383,           0.000,           9.158,        -156.573,           0.000,           0.873,           0.000,        4166.131,           0.000,           0.000
        4656.315,         368.026,         184.383,           0.000,           9.158,        -157.573,           0.000,           0.873,           0.000,        4166.131,           0.000,           0.000
        4680.315,         370.026,         185.383,           0.000,           9.158,        -158.573,           0.000,           0.873,           0.000,        4166.131,           0.000,           0.000
        4704.315,         372.026,         186.383,           0.000,           9.158,        -159.573,           0.000,           0.873,           0.000,        4166.131,           0.000,           0.000
        4728.315,         374.026,         187.383,           0.000,           9.158,        -160.573,           0.000,           0.873,           0.000,        4166.131,           0.000,           0.000
        4752.315,         376.026,         188.383,           0.000,           9.158,        -161.573,           0.000,           0.873,           0.000,        4166.131,           0.000,           0.000
        4776.315,         378.026,         189.383,           0.000,           9.158,        -162.573,           0.000,           0.873,           0.000,        4166.131,           0.000,           0.000
        4800.315,         380.026,         190.383,           0.000,           9.158,        -163.573,           0.000,           0.873,           0.000,        4166.131,           0.000,           0.000
        4824.315,         382.026,         191.383,           0.000,           9.158,        -164.573,           0.000,           0.873,           0.000,        4166.131,           0.000,           0.000
        4848.315,         384.026,         192.383,           0.000,           9.158,        -165.573,           0.000,           0.873,           0.000,        4166.131,           0.000,           0.000
        4872.315,         386.026,         193.383,           0.000,           9.158,        -166.573,           0.000,           0.873,           0.000,        4166.131,           0.000,           0.000
        4896.315,         388.026,         194.383,           0.000,           9.158,        -167.573,           0.000,           0.873,           0.000,        4166.131,           0.000,           0.000
        4920.315,         390.026,         195.383,           0.000,           9.158,        -168.573,           0.000,           0.873,           0.000,        4166.131,           0.000,           0.000
        4944.315,         392.026,         196.383,           0.000,           9.158,        -169.573,           0.000,           0.873,           0.000,        4166.131,           0.000,           0.000
        4968.315,         394.026,         197.383,           0.000,           9.158,        -170.573,           0.000,           0.873,           0.000,        4166.131,           0.000,           0.000
        4992.315,         396.026,         198.383,           0.000,           9.158,        -171.573,           0.000,           0.873,           0.000,        4166.131,           0.000,           0.000
        5016.315,         398.026,         199.383,           0.000,           9.158,        -172.573,           0.000,           0.873,           0.000,        4166.131,           0.000,           0.000
        5040.315,         400.026,         200.383,           0.000,           9.158,        -173.573,           0.000,           0.873,           0.000,        4166.131,           0.000,           0.000
        5064.315,         402.026,         201.383,           0.000,           9.158,        -174.573,           0.000,           0.873,           0.000,        4166.131,           0.000,           0.000
        5088.315,         404.026,         202.383,           0.000,           9.158,        -175.573,           0.000,           0.873,           0.000,        4166.131,           0.000,           0.000
        5112.315,         406.026,         203.383,           0.000,           9.158,        -176.573,           0.000,           0.873,           0.000,        4166.131,           0.000,           0.000
        5136.315,         408.026,         204.383,           0.000,           9.158,        -177.573,           0.000,           0.873,           0.000,        4166.131,           0.000,           0.000
        5160.315,         410.026,         205.383,           0.000,           9.158,        -178.573,           0.000,           0.873,           0.000,        4166.131,           0.000,           0.000
        5184.315,         412.026,         206.383,           0.000,           9.158,        -179.573,           0.000,           0.873,           0.000,        4166.131,           0.000,           0.000
        5208.315,         414.026,         207.383,           0.000,           9.158,        -180.573,           0.000,           0.873,           0.000,        4166.131,           0.000,           0.000
        5232.315,         416.026,         208.383,           0.000,           9.158,        -181.573,           0.000,           0.873,           0.000,        4166.131,           0.000,           0.000
        5256.315,         418.026,         209.383,           0.000,           9.158,        -182.573,           0.000,           0.873,           0.000,        4166.131,           0.000,           0.000
        5280.315,         420.026,         210.383,           0.000,           9.158,        -183.573,           0.000,           0.873,           0.000,        4166.131,           0.000,           0.000
        5304.315,         422.026,         211.383,           0.000,           9.158,        -184.573,           0.000,           0.873,           0.000,        4166.131,           0.000,           0.000
        5328.315,         424.026,         212.383,           0.000,           9.158,        -185.573,           0.000,           0.873,           0.000,        4166.131,           0.000,           0.000
        5352.315,         426.026,         213.383,           0.000,           9.158,        -186.573,           0.000,           0.873,           0.000,        4166.131,           0.000,           0.000
        5376.315,         428.026,         214.383,           0.000,           9.158,        -187.573,           0.000,           0.873,           0.000,        4166.131,           0.000,           0.000
        5400.315,         430.026,         215.383,           0.000,           9.158,        -188.573,           0.000,           0.873,           0.000,        4166.131,           0.000,           0.000
        5424.315,         432.026,         216.383,           0.000,           9.158,        -189.573,           0.000,           0.873,           0.000,        4166.131,           0.000,           0.000
        5448.315,         434.026,         217.383,           0.000,           9.158,        -190.573,           0.000,           0.873,           0.000,        4166.131,           0.000,           0.000
        5472.315,         436.026,         218.383,           0.000,           9.158,        -191.573,           0.000,           0.873,           0.000,        4166.131,           0.000,           0.000
        5496.315,         438.026,         219.383,           0.000,           9.158,        -192.573,           0.000,           0.873,           0.000,        4166.131,           0.000,           0.000
        5520.315,         440.026,         220.383,           0.000,           9.158,        -193.573,           0.000,           0.873,           0.000,        4166.131,           0.000,           0.000
        5544.315,         442.026,         221.383,           0.000,           9.158,        -194.573,           0.000,           0.873,           0.000,        4166.131,           0.000,           0.000
        5568.315,         444.026,         222.383,           0.000,           9.158,        -195.573,           0.000,           0.873,           0.000,        4166.131,           0.000,           0.000
        5592.315,         446.026,         223.383,           0.000,           9.158,        -196.573,           0.000,           0.873,           0.000,        4166.131,           0.000,           0.000
        5616.315,         448.026,         224.383,           0.000,           9.158,        -197.573,           0.000,           0.873,           0.000,        4166.131,           0.000,           0.000
        5640.315,         450.026,         225.383,           0.000,           9.158,        -198.573,           0.000,           0.873,           0.000,        4166.131,           0.000,           0.000
        5664.315,         452.026,         226.383,           0.000,           9.158,        -199.573,           0.000,           0.873,           0.000,        4166.131,           0.000,           0.000
        5688.315,         454.026,         227.383,           0.000,           9.158,        -200.573,           0.000,           0.873,           0.000,        4166.131,           0.000,           0.000
        5712.315,         456.026,         228.383,           0.000,           9.158,        -201.573,           0.000,           0.873,           0.000,        4166.131,           0.000,           0.000
        5736.315,         458.026,         229.383,           0.000,           9.158,        -202.573,           0.000,           0.873,           0.000,        4166.131,           0.000,           0.000
        5760.315,         460.026,         230.383,           0.000,           9.158,        -203.573,           0.000,           0.873,           0.000,        4166.131,           0.000,           0.000
        5784.315,         462.026,         231.383,           0.000,           9.158,        -204.573,           0.000,           0.873,           0.000,        4166.131,           0.000,           0.000
        5808.315,         464.026,         232.383,           0.000,           9.158,        -205.573,           0.000,           0.873,           0.000,        4166.131,           0.000,           0.000
        5832.315,         466.026,         233.383,           0.000,           9.158,        -206.573,           0.000,           0.873,           0.000,        4166.131,           0.000,           0.000
        5856.315,         468.026,         234.383,           0.000,           9.158,        -207.573,           0.000,           0.873,           0.000,        4166.131,           0.000,           0.000
        5880.315,         470.026,         235.383,           0.000,           9.158,        -208.573,           0.000,           0.873,           0.000,        4166.131,           0.000,           0.000
        5904.315,         472.026,         236.383,           0.000,           9.158,        -209.573,           0.000,           0.873,           0.000,        4166.131,           0.000,           0.000
        5928.315,         474.026,         237.383,           0.000,           9.158,        -210.573,           0.000,           0.873,           0.000,        4166.131,           0.000,           0.000
        5952.315,         476.026,         238.383,           0.000,           9.158,        -211.573,           0.000,           0.873,           0.000,        4166.131,           0.000,           0.000
        5976.315,         478.026,         239.383,           0.000,           9.158,        -212.573,           0.000,           0.873,           0.000,        4166.131,           0.000,           0.000
        6000.315,         480.026,         240.383,           0.000,           9.158,        -213.573,           0.000,           0.873,           0.000,        4166.131,           0.000,           0.000
        6024.315,         482.026,         241.383,           0.000,           9.158,        -214.573,           0.000,           0.873,           0.000,        4166.131,           0.000,           0.000
        6048.315,         484.026,         242.383,           0.000,           9.158,        -215.573,           0.000,           0.873,           0.000,        4166.131,           0.000,           0.000
        6072.315,         486.026,         243.383,           0.000,           9.158,        -216.573,           0.000,           0.873,           0.000,        4166.131,           0.000,           0.000
        6096.315,         488.026,         244.383,           0.000,           9.158,        -217.573,           0.000,           0.873,           0.000,        4166.131,           0.000,           0.000
        6120.315,         490.026,         245.383,           0.000,           9.158,        -218.573,           0.000,           0.873,           0.000,        4166.131,           0.000,           0.000
        6144.315,         492.026,         246.383,           0.000,           9.158,        -219.573,           0.000,           0.873,           0.000,        4166.131,           0.000,           0.000
        6168.315,         494.026,         247.383,           0.000,           9.158,        -220.573,           0.000,           0.873,           0.000,        4166.131,           0.000,           0.000
        6192.315,         496.026,         248.383,           0.000,           9.158,        -221.573,           0.000,           0.873,           0.000,        4166.131,           0.000,           0.000
        6216.315,         498.026,         249.383,           0.000,           9.158,        -222.573,           0.000,           0.873,           0.000,        4166.131,           0.000,           0.000
        6240.315,         500.026,         250.383,           0.000,           9.158,        -223.573,           0.000,           0.873,           0.000,        4166.131,           0.000,           0.000
        6264.315,         502.026,         251.383,           0.000,           9.158,        -224.573,           0.000,           0.873,           0.000,        4166.131,           0.000,           0.000
        6288.315,         504.026,         252.383,           0.000,           9.158,        -225.573,           0.000,           0.873,           0.000,        4166.131,           0.000,           0.000
        6312.315,         506.026,         253.383,           0.000,           9.158,        -226.573,           0.000,           0.873,           0.000,        4166.131,           0.000,           0.000
        6336.315,         508.026,         254.383,           0.000,           9.158,        -227.573,           0.000,           0.873,           0.000,        4166.131,           0.000,           0.000
        6360.315,         510.026,         255.383,           0.000,           9.158,        -228.573,           0.000,           0.873,           0.000,        4166.131,           0.000,           0.000
        6384.315,         512.026,         256.383,           0.000,           9.158,        -229.573,           0.000,           0.873,           0.000,        4166.131,           0.000,           0.000
        6408.315,         514.026,         257.383,           0.000,           9.158,        -230.573,           0.000,           0.873,           0.000,        4166.131,           0.000,           0.000
        6432.315,         516.026,         258.383,           0.000,           9.158,        -231.573,           0.000,           0.873,           0.000,        4166.131,           0.000,           0.000
        6456.315,         518.026,         259.383,           0.000,           9.158,        -232.573,           0.000,           0.873,           0.000,        4166.131,           0.000,           0.000
        6480.315,         520.026,         260.383,           0.000,           9.158,        -233.573,           0.000,           0.873,           0.000,        4166.131,           0.000,           0.000
        6504.315,         522.026,         261.383,           0.000,           9.158,        -234.573,           0.000,           0.873,           0.000,        4166.131,           0.000,           0.000
        6528.315,         524.026,         262.383,           0.000,           9.158,        -235.573,           0.000,           0.873,           0.000,        4166.131,           0.000,           0.000
        6552.315,         526.026,         263.383,           0.000,           9.158,        -236.573,           0.000,           0.873,           0.000,        4166.131,           0.000,           0.000
        6576.315,         528.026,         264.383,           0.000,           9.158,        -237.573,           0.000,           0.873,           0.000,        4166.131,           0.000,           0.000
        6600.315,         530.026,         265.383,           0.000,           9.158,        -238.573,           0.000,           0.873,           0.000,        4166.131,           0.000,           0.000
        6624.315,         532.026,         266.383,           0.000,           9.158,        -239.573,           0.000,           0.873,           0.000,        4166.131,           0.000,           0.000
        6648.315,         534.026,         267.383,           0.000,           9.158,        -240.573,           0.000,           0.873,           0.000,        4166.131,           0.000,           0.000
        6672.315,         536.026,         268.383,           0.000,           9.158,        -241.573,           0.000,           0.873,           0.000,        4166.131,           0.000,           0.000
        6696.315,         538.026,         269.383,           0.000,           9.158,        -242.573,           0.000,           0.873,           0.000,        4166.131,           0.000,           0.000
        6720.315,         540.026,         270.383,           0.000,           9.158,        -243.573,           0.000,           0.873,           0.000,        4166.131,           0.000,           0.000
        6744.315,         542.026,         271.383,           0.000,           9.158,        -244.573,           0.000,           0.873,           0.000,        4166.131,           0.000,           0.000
        6768.315,         544.026,         272.383,           0.000,           9.158,        -245.573,           0.000,           0.873,           0.000,        4166.131,           0.000,           0.000
        6792.315,         546.026,         273.383,           0.000,           9.158,        -246.573,           0.000,           0.873,           0.000,        4166.131,           0.000,           0.000
        6816.315,         548.026,         274.383,           0.000,           9.158,        -247.573,           0.000,           0.873,           0.000,        4166.131,           0.000,           0.000
        6840.315,         550.026,         275.383,           0.000,           9.158,        -248.573,           0.000,           0.873,           0.000,        4166.131,           0.000,           0.000
        6864.315,         552.026,         276.383,           0.000,           9.158,        -249.573,           0.000,           0.873,           0.000,        4166.131,           0.000,           0.000
        6888.315,         554.026,         277.383,           0.000,           9.158,        -250.573,           0.000,           0.873,           0.000,        4166.131,           0.000,           0.000
        6912.315,         556.026,         278.383,           0.000,           9.158,        -251.573,           0.000,           0.873,           0.000,        4166.131,           0.000,           0.000
        6936.315,         558.026,         279.383,           0.000,           9.158,        -252.573,           0.000,           0.873,           0.000,        4166.131,           0.000,           0.000
        6960.315,         560.026,         280.383,           0.000,           9.158,        -253.573,           0.000,           0.873,           0.000,        4166.131,           0.000,           0.000
        6984.315,         562.026,         281.383,           0.000,           9.158,        -254.573,           0.000,           0.873,           0.000,        4166.131,           0.000,           0.000
        7008.315,         564.026,         282.383,           0.000,           9.158,        -255.573,           0.000,           0.873,           0.000,        4166.131,           0.000,           0.000
        7032.315,         566.026,         283.383,           0.000,           9.158,        -256.573,           0.000,           0.873,           0.000,        4166.131,           0.000,           0.000
        7056.315,         568.026,         284.383,           0.000,           9.158,        -257.573,           0.000,           0.873,           0.000,        4166.131,           0.000,           0.000
        7080.315,         570.026,         285.383,           0.000,           9.158,        -258.573,           0.000,           0.873,           0.000,        4166.131,           0.000,           0.000
        7104.315,         572.026,         286.383,           0.000,           9.158,        -259.573,           0.000,           0.873,           0.000,        4166.131,           0.000,           0.000
        7128.315,         574.026,         287.383,           0.000,           9.158,        -260.573,           0.000,           0.873,           0.000,        4166.131,           0.000,           0.000
        7152.315,         576.026,         288.383,           0.000,           9.158,        -261.573,           0.000,           0.873,           0.000,        4166.131,           0.000,           0.000
        7176.315,         578.026,         289.383,           0.000,           9.158,        -262.573,           0.000,           0.873,           0.000,        4166.131,           0.000,           0.000
        7200.315,         580.026,         290.383,           0.000,           9.158,        -263.573,           0.000,           0.873,           0.000,        4166.131,           0.000,           0.000
        7224.315,         582.026,         291.383,           0.000,           9.158,        -264.573,           0.000,           0.873,           0.000,        4166.131,           0.000,           0.000
        7248.315,         584.026,         292.383,           0.000,           9.158,        -265.573,           0.000,           0.873,           0.000,        4166.131,           0.000,           0.000
        7272.315,         586.026,         293.383,           0.000,           9.158,        -266.573,           0.000,           0.873,           0.000,        4166.131,           0.000,           0.000
        7296.315,         588.026,         294.383,           0.000,           9.158,        -267.573,           0.000,           0.873,           0.000,        4166.131,           0.000,           0.000
        7320.315,         590.026,         295.383,           0.000,           9.158,        -268.573,           0.000,           0.873,           0.000,        4166.131,           0.000,           0.000
        7344.315,         592.026,         296.383,           0.000,           9.158,        -269.573,           0.000,           0.873,           0.000,        4166.131,           0.000,           0.000
        7368.315,         594.026,         297.383,           0.000,           9.158,        -270.573,           0.000,           0.873,           0.000,        4166.131,           0.000,           0.000
        7392.315,         596.026,         298.383,           0.000,           9.158,        -271.573,           0.000,           0.873,           0.000,        4166.131,           0.000,           0.000
        7416.315,         598.026,         299.383,           0.000,           9.158,        -272.573,           0.000,           0.873,           0.000,        4166.131,           0.000,           0.000
        7440.315,         600.026,         300.383,           0.000,           9.158,        -273.573,           0.000,           0.873,           0.000,        4166.131,           0.000,           0.000
        7464.315,         602.026,         301.383,           0.000,           9.158,        -274.573,           0.000,           0.873,           0.000,        4166.131,           0.000,           0.000
        7488.315,         604.026,         302.383,           0.000,           9.158,        -275.573,           0.000,           0.873,           0.000,        4166.131,           0.000,           0.000
        7512.315,         606.026,         303.383,           0.000,           9.158,        -276.573,           0.000,           0.873,           0.000,        4166.131,           0.000,           0.000
        7536.315,         608.026,         304.383,           0.000,           9.158,        -277.573,           0.000,           0.873,           0.000,        4166.131,           0.000,           0.000
        7560.315,         610.026,         305.383,           0.000,           9.158,        -278.573,           0.000,           0.873,           0.000,        4166.131,           0.000,           0.000
        7584.315,         612.026,         306.383,           0.000,           9.158,        -279.573,           0.000,           0.873,           0.000,        4166.131,           0.000,           0.000
        7608.315,         614.026,         307.383,           0.000,           9.158,        -280.573,           0.000,           0.873,           0.000,        4166.131,           0.000,           0.000
        7632.315,         616.026,         308.383,           0.000,           9.158,        -281.573,           0.000,           0.873,           0.000,        4166.131,           0.000,           0.000
        7656.315,         618.026,         309.383,           0.000,           9.158,        -282.573,           0.000,           0.873,           0.000,        4166.131,           0.000,           0.000
        7680.315,         620.026,         310.383,           0.000,           9.158,        -283.573,           0.000,           0.873,           0.000,        4166.131,           0.000,           0.000
        7704.315,         622.026,         311.383,           0.000,           9.158,        -284.573,           0.000,           0.873,           0.000,        4166.131,           0.000,           0.000
        7728.315,         624.026,         312.383,           0.000,           9.158,        -285.573,           0.000,           0.873,           0.000,        4166.131,           0.000,           0.000
        7752.315,         626.026,         313.383,           0.000,           9.158,        -286.573,           0.000,           0.873,           0.000,        4166.131,           0.000,           0.000
        7776.315,         628.026,         314.383,           0.000,           9.158,        -287.573,           0.000,           0.873,           0.000,        4166.131,           0.000,           0.000
        7800.315,         630.026,         315.383,           0.000,           9.158,        -288.573,           0.000,           0.873,           0.000,        4166.131,           0.000,           0.000
        7824.315,         632.026,         316.383,           0.000,           9.158,        -289.573,           0.000,           0.873,           0.000,        4166.131,           0.000,           0.000
        7848.315,         634.026,         317.383,           0.000,           9.158,        -290.573,           0.000,           0.873,           0.000,        4166.131,           0.000,           0.000
        7872.315,         636.026,         318.383,           0.000,           9.158,        -291.573,           0.000,           0.873,           0.000,        4166.131,           0.000,           0.000
        7896.315,         638.026,         319.383,           0.000,           9.158,        -292.573,           0.000,           0.873,           0.000,        4166.131,           0.000,           0.000
        7920.315,         640.026,         320.383,           0.000,           9.158,        -293.573,           0.000,           0.873,           0.000,        4166.131,           0.000,           0.000
        7944.315,         642.026,         321.383,           0.000,           9.158,        -294.573,           0.000,           0.873,           0.000,        4166.131,           0.000,           0.000
        7968.315,         644.026,         322.383,           0.000,           9.158,        -295.573,           0.000,           0.873,           0.000,        4166.131,           0.000,           0.000
        7992.315,         646.026,         323.383,           0.000,           9.158,        -296.573,           0.000,           0.873,           0.000,        4166.131,           0.000,           0.000
        8016.315,         648.026,         324.383,           0.000,           9.158,        -297.573,           0.000,           0.873,           0.000,        4166.131,           0.000,           0.000
        8040.315,         650.026,         325.383,           0.000,           9.158,        -298.573,           0.000,           0.873,           0.000,        4166.131,           0.000,           0.000
        8064.315,         652.026,         326.383,           0.000,           9.158,        -299.573,           0.000,           0.873,           0.000,        4166.131,           0.000,           0.000
        8088.315,         654.026,         327.383,           0.000,           9.158,        -300.573,           0.000,           0.873,           0.000,        4166.131,           0.000,           0.000
        8112.315,         656.026,         328.383,           0.000,           9.158,        -301.573,           0.000,           0.873,           0.000,        4166.131,           0.000,           0.000
        8136.315,         658.026,         329.383,           0.000,           9.158,        -302.573,           0.000,           0.873,           0.000,        4166.131,           0.000,           0.000
        8160.315,         660.026,         330.383,           0.000,           9.158,        -303.573,           0.000,           0.873,           0.000,        4166.131,           0.000,           0.000
        8184.315,         662.026,         331.383,           0.000,           9.158,        -304.573,           0.000,           0.873,           0.000,        4166.131,           0.000,           0.000
        8208.315,         664.026,         332.383,           0.000,           9.158,        -305.573,           0.000,           0.873,           0.000,        4166.131,           0.000,           0.000
        8232.315,         666.026,         333.383,           0.000,           9.158,        -306.573,           0.000,           0.873,           0.000,        4166.131,           0.000,           0.000
        8256.315,         668.026,         334.383,           0.000,           9.158,        -307.573,           0.000,           0.873,           0.000,        4166.131,           0.000,           0.000
        8280.315,         670.026,         335.383,           0.000,           9.158,        -308.573,           0.000,           0.873,           0.000,        4166.131,           0.000,           0.000
        8304.315,         672.026,         336.383,           0.000,           9.158,        -309.573,           0.000,           0.873,           0.000,        4166.131,           0.000,           0.000
        8328.315,         674.026,         337.383,           0.000,           9.158,        -310.573,           0.000,           0.873,           0.000,        4166.131,           0.000,           0.000
        8352.315,         676.026,         338.383,           0.000,           9.158,        -311.573,           0.000,           0.873,           0.000,        4166.131,           0.000,           0.000
        8376.315,         678.026,         339.383,           0.000,           9.158,        -312.573,           0.000,           0.873,           0.000,        4166.131,           0.000,           0.000
        8400.315,         680.026,         340.383,           0.000,           9.158,        -313.573,           0.000,           0.873,           0.000,        4166.131,           0.000,           0.000
        8424.315,         682.026,         341.383,           0.000,           9.158,        -314.573,           0.000,           0.873,           0.000,        4166.131,           0.000,           0.000
        8448.315,         684.026,         342.383,           0.000,           9.158,        -315.573,           0.000,           0.873,           0.000,        4166.131,           0.000,           0.000
        8472.315,         686.026,         343.383,           0.000,           9.158,        -316.573,           0.000,           0.873,           0.000,        4166.131,           0.000,           0.000
        8496.315,         688.026,         344.383,           0.000,           9.158,        -317.573,           0.000,           0.873,           0.000,        4166.131,           0.000,           0.000
        8520.315,         690.026,         345.383,           0.000,           9.158,        -318.573,           0.000,           0.873,           0.000,        4166.131,           0.000,           0.000
        8544.315,         692.026,         346.383,           0.000,           9.158,        -319.573,           0.000,           0.873,           0.000,        4166.131,           0.000,           0.000
        8568.315,         694.026,         347.383,           0.000,           9.158,        -320.573,           0.000,           0.873,           0.000,        4166.131,           0.000,           0.000
        8592.315,         696.026,         348.383,           0.000,           9.158,        -321.573,           0.000,           0.873,           0.000,        4166.131,           0.000,           0.000
        8616.315,         698.026,         349.383,           0.000,           9.158,        -322.573,           0.000,           0.873,           0.000,        4166.131,           0.000,           0.000
        8640.315,         700.026,         350.383,           0.000,           9.158,        -323.573,           0.000,           0.873,           0.000,        4166.131,           0.000,           0.000
        8664.315,         702.026,         351.383,           0.000,           9.158,        -324.573,           0.000,           0.873,           0.000,        4166.131,           0.000,           0.000
        8688.315,         704.026,         352.383,           0.000,           9.158,        -325.573,           0.000,           0.873,           0.000,        4166.131,           0.000,           0.000
        8712.315,         706.026,         353.383,           0.000,           9.158,        -326.573,           0.000,           0.873,           0.000,        4166.131,           0.000,           0.000
        8736.315,         708.026,         354.383,           0.000,           9.158,        -327.573,           0.000,           0.873,           0.000,        4166.131,           0.000,           0.000
        8760.315,         710.026,         355.383,           0.000,           9.158,        -328.573,           0.000,           0.873,           0.000,        4166.131,           0.000,           0.000
