 Output at end of simulation for use as initial conditions in vsi file
 This output is by element number
 
 phreatic surface level 
   649.034   503.886   533.901   550.324   646.248   498.400   390.336   378.479   459.698   498.537
   539.550   475.184   572.594   382.617   236.663   177.050   278.632   530.020   561.607   470.114
   435.374   621.937   546.830   285.470   123.627   177.049   405.910   532.670   452.790   263.878
   435.374   744.024   644.972   434.513   334.861   175.501   106.001   170.256   205.419   205.742
   192.286   325.746   608.980   657.058   564.295   574.860   374.257   167.642   104.515   119.566
   177.457   225.856   258.614   329.432   528.840   698.633   537.624   567.960   586.202   583.056
   483.053   324.839   153.413   104.514   104.515   238.990   330.201   420.463   460.035   564.350
   537.911   509.585   501.214   448.205   479.540   472.306   385.927   267.912   137.054   104.513
   104.513   246.166   400.299   533.109   612.868   512.970   446.990   422.650   405.713   461.300
   404.702   399.953   338.008   189.014   108.150   105.638   131.433   258.722   459.200   409.275
   356.174   281.439   257.578   275.772   263.946   196.014   150.993   102.048   105.012   131.245
   166.680   247.898   415.531   389.332   369.321   392.530   257.577   266.414   312.160   203.210
    98.631    98.631   133.312   213.892   272.761   275.611   244.896   332.703   395.713   352.322
   419.680   251.501   279.795   431.030   243.450    98.631   114.034   267.930   222.828   312.160
   385.273   258.460   359.074   473.257   411.771   310.759   343.240   222.361   320.406   466.860
   231.710    98.631    98.631   163.396   242.313   460.280   461.330   330.905   308.307   433.813
   436.200   300.188   302.810   209.611   413.200   362.380   120.051    98.631   107.705   234.561
   364.071   438.033   590.150   516.340   345.911   410.987   513.440   385.812   279.522   272.683
   238.611   212.620   357.350   197.610    98.630    98.630   171.421   366.839   473.079   557.549
   640.280   709.300   521.100   431.249   473.932   493.006   491.400   304.211   202.172   184.738
   161.665   149.437    98.632    98.629   112.622   258.850   579.540   737.420   785.710   764.700
   751.206   689.280   435.022   421.228   376.930   177.438   133.063   130.197   114.102   101.893
    98.629   145.437   239.851   423.310   306.548   196.630   120.902   126.795   101.893   150.020
   279.451   182.401   120.904   120.903   194.117   201.782   131.371   142.023   263.330   301.404
   225.841   200.502   155.565   151.620   226.890   338.608   340.389   160.388   155.566   183.552
   247.321   171.243   200.011   233.973
 
 Heads at end of simulation
     44
     1.874     1.674     1.474     1.274     1.074     0.924     0.824     0.724     0.624     0.524
     0.424     0.324     0.224     0.124     0.024
     45
     1.876     1.676     1.476     1.276     1.076     0.926     0.826     0.726     0.626     0.526
     0.426     0.326     0.226     0.126     0.026
     46
     1.900     1.700     1.500     1.300     1.100     0.950     0.850     0.750     0.650     0.551
     0.451     0.351     0.251     0.151     0.051
     47
     1.904     1.704     1.504     1.304     1.104     0.954     0.854     0.754     0.654     0.554
     0.454     0.354     0.254     0.154     0.054
     48
     1.018     0.818     0.618     0.418     0.218     0.068    -0.032    -0.132    -0.231    -0.331
    -0.431    -0.531    -0.631    -0.731    -0.831
     49
    -0.448    -0.648    -0.848    -1.049    -1.253    -1.413    -1.526    -1.650    -1.797    -1.992
    -2.328    -2.429    -2.529    -2.629    -2.729
     50
     1.655     1.455     1.255     1.055     0.855     0.705     0.605     0.505     0.405     0.305
     0.205     0.105     0.006    -0.094    -0.194
     51
     1.910     1.710     1.510     1.310     1.110     0.960     0.860     0.759     0.659     0.559
     0.459     0.359     0.259     0.159     0.059
     52
     1.908     1.708     1.508     1.308     1.108     0.958     0.858     0.758     0.658     0.558
     0.458     0.358     0.258     0.158     0.058
     53
     1.908     1.708     1.508     1.308     1.108     0.958     0.858     0.758     0.657     0.557
     0.457     0.357     0.257     0.157     0.057
     54
     1.870     1.670     1.470     1.270     1.070     0.920     0.820     0.720     0.620     0.520
     0.420     0.320     0.220     0.120     0.020
     55
     1.904     1.704     1.504     1.304     1.104     0.954     0.854     0.754     0.654     0.554
     0.454     0.354     0.254     0.154     0.054
     56
     1.353     1.153     0.953     0.753     0.554     0.404     0.304     0.204     0.104     0.004
    -0.096    -0.196    -0.296    -0.396    -0.496
     57
     1.856     1.656     1.456     1.256     1.056     0.906     0.806     0.706     0.606     0.506
     0.407     0.307     0.207     0.107     0.007
     58
     1.904     1.704     1.504     1.303     1.103     0.953     0.853     0.753     0.653     0.553
     0.453     0.353     0.253     0.153     0.053
     59
    27.682    27.482    27.282    27.082    26.882    26.731    26.631    26.531    26.431    26.331
    26.230    26.130    26.030    25.930    25.830
     60
     1.913     1.713     1.513     1.313     1.113     0.962     0.862     0.762     0.662     0.562
     0.462     0.362     0.262     0.162     0.062
     61
    -0.247    -0.447    -0.647    -0.847    -1.048    -1.202    -1.306    -1.414    -1.529    -1.657
    -1.811    -1.911    -2.011    -2.111    -2.211
     62
     0.717     0.517     0.317     0.117    -0.082    -0.232    -0.332    -0.432    -0.532    -0.632
    -0.732    -0.832    -0.932    -1.032    -1.132
     63
     1.864     1.664     1.464     1.264     1.064     0.914     0.814     0.714     0.614     0.514
     0.414     0.314     0.214     0.114     0.014
     64
     2.275     2.075     1.875     1.675     1.475     1.325     1.224     1.124     1.024     0.924
     0.824     0.724     0.624     0.524     0.424
     65
     1.146     0.946     0.746     0.546     0.346     0.197     0.097    -0.003    -0.103    -0.203
    -0.303    -0.403    -0.503    -0.603    -0.703
     66
    -0.532    -0.732    -0.933    -1.134    -1.340    -1.504    -1.623    -1.758    -1.927    -2.179
    -2.768    -2.868    -2.968    -3.069    -3.169
     67
     1.900     1.700     1.500     1.300     1.100     0.950     0.850     0.750     0.650     0.550
     0.450     0.350     0.250     0.150     0.050
     68
     1.918     1.718     1.518     1.318     1.118     0.968     0.868     0.768     0.667     0.567
     0.467     0.367     0.267     0.167     0.067
     69
     1.909     1.709     1.509     1.309     1.109     0.959     0.859     0.759     0.659     0.559
     0.459     0.359     0.259     0.159     0.059
     70
    -1.234    -1.435    -1.640    -1.854    -2.089    -2.297    -2.469    -2.698    -3.070    -4.026
   -12.030   -12.130   -12.230   -12.330   -12.430
     71
    -0.751    -0.951    -1.151    -1.353    -1.559    -1.721    -1.838    -1.968    -2.123    -2.334
    -2.728    -2.828    -2.928    -3.028    -3.128
     72
    -0.478    -0.678    -0.878    -1.079    -1.282    -1.439    -1.550    -1.670    -1.806    -1.975
    -2.231    -2.332    -2.432    -2.532    -2.632
     73
     1.909     1.709     1.509     1.309     1.109     0.959     0.859     0.758     0.658     0.558
     0.458     0.358     0.258     0.158     0.058
     74
     1.904     1.704     1.504     1.304     1.104     0.954     0.854     0.754     0.654     0.554
     0.454     0.354     0.254     0.154     0.054
     75
     0.714     0.514     0.314     0.114    -0.086    -0.236    -0.336    -0.436    -0.536    -0.636
    -0.736    -0.836    -0.936    -1.036    -1.136
     76
     1.531     1.331     1.131     0.931     0.731     0.581     0.481     0.381     0.282     0.182
     0.082    -0.018    -0.118    -0.218    -0.318
     77
     1.905     1.705     1.504     1.304     1.104     0.954     0.854     0.754     0.654     0.554
     0.453     0.353     0.253     0.153     0.053
     78
     1.901     1.701     1.501     1.301     1.101     0.951     0.851     0.751     0.651     0.551
     0.451     0.351     0.251     0.151     0.051
     79
     1.901     1.701     1.501     1.301     1.101     0.951     0.851     0.751     0.651     0.551
     0.451     0.351     0.251     0.151     0.051
     80
     3.711     3.511     3.311     3.111     2.911     2.761     2.661     2.561     2.461     2.361
     2.261     2.161     2.061     1.961     1.861
     81
     1.896     1.696     1.496     1.296     1.096     0.946     0.846     0.746     0.646     0.546
     0.446     0.346     0.246     0.146     0.046
     82
     1.888     1.688     1.488     1.288     1.088     0.938     0.838     0.738     0.638     0.539
     0.439     0.339     0.239     0.139     0.039
     83
     1.901     1.701     1.501     1.301     1.101     0.951     0.851     0.751     0.651     0.552
     0.452     0.352     0.252     0.152     0.052
     84
     1.907     1.707     1.507     1.307     1.107     0.957     0.857     0.757     0.657     0.556
     0.456     0.356     0.256     0.156     0.056
     85
     1.746     1.546     1.346     1.146     0.946     0.796     0.696     0.596     0.496     0.396
     0.296     0.196     0.096    -0.004    -0.104
     86
    -0.642    -0.842    -1.042    -1.245    -1.452    -1.619    -1.740    -1.880    -2.056    -2.325
    -2.970    -3.070    -3.170    -3.270    -3.370
     87
     1.687     1.487     1.287     1.087     0.887     0.738     0.638     0.538     0.438     0.338
     0.238     0.138     0.038    -0.062    -0.162
     88
     1.906     1.706     1.505     1.305     1.105     0.955     0.855     0.755     0.655     0.555
     0.455     0.355     0.255     0.155     0.055
     89
    -0.419    -0.619    -0.819    -1.020    -1.224    -1.384    -1.497    -1.620    -1.765    -1.959
    -2.296    -2.397    -2.497    -2.597    -2.697
     90
     1.786     1.586     1.386     1.186     0.986     0.836     0.736     0.637     0.537     0.437
     0.337     0.237     0.137     0.037    -0.063
     91
     1.904     1.704     1.503     1.303     1.103     0.953     0.853     0.753     0.653     0.553
     0.452     0.352     0.252     0.152     0.052
     92
    20.215    20.015    19.815    19.615    19.415    19.265    19.165    19.065    18.965    18.865
    18.765    18.665    18.565    18.465    18.365
     93
     1.907     1.707     1.507     1.307     1.107     0.957     0.857     0.757     0.656     0.556
     0.456     0.356     0.256     0.156     0.056
     94
     1.908     1.708     1.507     1.307     1.107     0.957     0.857     0.757     0.657     0.557
     0.457     0.357     0.257     0.157     0.057
     95
     1.906     1.706     1.506     1.306     1.106     0.956     0.856     0.756     0.656     0.556
     0.456     0.356     0.256     0.156     0.056
     96
     1.905     1.705     1.505     1.305     1.105     0.955     0.855     0.755     0.655     0.555
     0.454     0.354     0.254     0.154     0.054
     97
     1.903     1.703     1.503     1.303     1.103     0.952     0.852     0.752     0.652     0.552
     0.452     0.352     0.252     0.152     0.052
     98
     0.430     0.230     0.030    -0.170    -0.370    -0.520    -0.620    -0.720    -0.820    -0.921
    -1.022    -1.122    -1.222    -1.322    -1.422
     99
     1.313     1.113     0.913     0.713     0.513     0.363     0.263     0.163     0.063    -0.036
    -0.136    -0.236    -0.336    -0.436    -0.536
    100
     1.894     1.694     1.494     1.294     1.094     0.944     0.844     0.744     0.644     0.544
     0.444     0.344     0.244     0.144     0.044
    101
     1.840     1.640     1.440     1.240     1.040     0.890     0.790     0.690     0.590     0.490
     0.390     0.290     0.190     0.090    -0.010
    102
     1.792     1.592     1.392     1.192     0.992     0.842     0.742     0.642     0.542     0.442
     0.342     0.242     0.142     0.042    -0.058
    103
     1.215     1.015     0.815     0.615     0.415     0.266     0.166     0.066    -0.034    -0.134
    -0.234    -0.334    -0.434    -0.534    -0.634
    104
     1.893     1.693     1.493     1.293     1.093     0.943     0.843     0.743     0.643     0.543
     0.443     0.343     0.243     0.143     0.043
    105
     1.899     1.699     1.499     1.299     1.099     0.949     0.849     0.749     0.649     0.549
     0.449     0.349     0.249     0.149     0.049
    106
     1.904     1.704     1.504     1.304     1.104     0.954     0.854     0.753     0.653     0.553
     0.453     0.353     0.253     0.153     0.053
    107
    20.125    19.925    19.725    19.525    19.325    19.175    19.075    18.974    18.874    18.774
    18.674    18.574    18.474    18.374    18.274
    108
    16.416    16.216    16.016    15.816    15.616    15.465    15.365    15.265    15.165    15.065
    14.965    14.865    14.765    14.665    14.565
    109
     1.900     1.700     1.500     1.300     1.100     0.950     0.850     0.750     0.650     0.550
     0.450     0.350     0.250     0.150     0.050
    110
     1.901     1.701     1.501     1.301     1.101     0.951     0.851     0.751     0.651     0.551
     0.451     0.351     0.251     0.151     0.051
    111
     1.813     1.613     1.413     1.213     1.013     0.863     0.763     0.663     0.563     0.463
     0.363     0.263     0.163     0.063    -0.037
    112
     1.225     1.025     0.825     0.625     0.425     0.275     0.175     0.075    -0.025    -0.125
    -0.225    -0.325    -0.425    -0.525    -0.625
    113
    -0.435    -0.635    -0.835    -1.035    -1.238    -1.395    -1.504    -1.621    -1.751    -1.910
    -2.135    -2.236    -2.336    -2.436    -2.536
    114
     1.171     0.971     0.771     0.571     0.371     0.221     0.121     0.021    -0.079    -0.179
    -0.278    -0.378    -0.478    -0.578    -0.678
    115
     1.305     1.105     0.905     0.705     0.505     0.355     0.255     0.155     0.055    -0.045
    -0.145    -0.245    -0.345    -0.445    -0.545
    116
     1.434     1.234     1.034     0.834     0.634     0.484     0.384     0.284     0.184     0.084
    -0.016    -0.116    -0.216    -0.316    -0.416
    117
     1.906     1.706     1.506     1.306     1.106     0.956     0.856     0.756     0.656     0.555
     0.455     0.355     0.255     0.155     0.055
    118
     1.900     1.700     1.500     1.300     1.100     0.950     0.850     0.750     0.650     0.550
     0.450     0.350     0.250     0.150     0.050
    119
     1.866     1.666     1.466     1.266     1.066     0.916     0.816     0.716     0.616     0.516
     0.416     0.316     0.216     0.116     0.016
    120
     1.877     1.677     1.477     1.277     1.077     0.927     0.827     0.727     0.627     0.527
     0.427     0.327     0.227     0.127     0.027
    121
     1.902     1.702     1.502     1.302     1.102     0.952     0.852     0.752     0.652     0.552
     0.452     0.352     0.252     0.152     0.052
    122
     1.905     1.705     1.505     1.305     1.105     0.954     0.854     0.754     0.654     0.554
     0.454     0.354     0.254     0.154     0.054
    123
    14.683    14.483    14.283    14.083    13.883    13.733    13.633    13.533    13.433    13.333
    13.233    13.133    13.033    12.933    12.833
    124
    16.415    16.215    16.015    15.814    15.614    15.464    15.364    15.264    15.164    15.064
    14.963    14.863    14.763    14.663    14.563
    125
     1.897     1.697     1.497     1.296     1.096     0.946     0.846     0.746     0.646     0.546
     0.446     0.346     0.246     0.146     0.046
    126
     1.289     1.089     0.889     0.689     0.489     0.339     0.239     0.139     0.039    -0.061
    -0.160    -0.260    -0.360    -0.460    -0.560
    127
     0.819     0.619     0.419     0.219     0.019    -0.130    -0.230    -0.330    -0.430    -0.530
    -0.630    -0.730    -0.830    -0.930    -1.030
    128
     0.538     0.338     0.138    -0.062    -0.262    -0.412    -0.512    -0.612    -0.712    -0.812
    -0.912    -1.012    -1.113    -1.213    -1.313
    129
    -4.321    -4.617    -5.014    -5.539    -6.224    -6.903    -7.536    -8.320    -9.400   -10.396
   -17.626   -17.726   -17.826   -17.926   -18.026
    130
     1.900     1.700     1.500     1.300     1.100     0.950     0.850     0.750     0.650     0.550
     0.450     0.350     0.250     0.150     0.050
    131
    -0.420    -0.620    -0.820    -1.020    -1.222    -1.375    -1.481    -1.590    -1.705    -1.832
    -1.980    -2.080    -2.180    -2.280    -2.380
    132
     1.513     1.313     1.113     0.913     0.713     0.563     0.463     0.363     0.263     0.163
     0.063    -0.037    -0.137    -0.237    -0.337
    133
   -65.432   -66.332   -68.420   -72.087   -76.553   -75.001   -71.704   -41.833   -17.842   -16.984
   -48.024   -48.124   -48.224   -48.324   -48.424
    134
     1.902     1.702     1.502     1.302     1.102     0.952     0.852     0.752     0.652     0.552
     0.452     0.352     0.252     0.152     0.052
    135
     1.642     1.442     1.242     1.042     0.843     0.693     0.593     0.493     0.393     0.293
     0.193     0.093    -0.007    -0.107    -0.207
    136
     1.347     1.147     0.948     0.748     0.548     0.398     0.298     0.198     0.098    -0.002
    -0.102    -0.202    -0.302    -0.402    -0.502
    137
     1.905     1.705     1.504     1.304     1.104     0.954     0.854     0.754     0.654     0.554
     0.454     0.354     0.254     0.154     0.054
    138
     1.911     1.711     1.511     1.311     1.110     0.960     0.860     0.760     0.660     0.560
     0.460     0.360     0.260     0.160     0.060
    139
     1.908     1.708     1.508     1.308     1.108     0.958     0.858     0.758     0.658     0.558
     0.458     0.358     0.258     0.158     0.058
    140
     1.842     1.642     1.442     1.242     1.043     0.893     0.793     0.693     0.593     0.493
     0.393     0.293     0.193     0.093    -0.007
    141
     0.642     0.442     0.242     0.042    -0.158    -0.308    -0.408    -0.508    -0.608    -0.708
    -0.808    -0.908    -1.008    -1.108    -1.208
    142
    -0.465    -0.664    -0.865    -1.066    -1.270    -1.429    -1.542    -1.665    -1.808    -1.993
    -2.294    -2.394    -2.494    -2.594    -2.694
    143
     1.885     1.685     1.485     1.285     1.085     0.935     0.835     0.735     0.635     0.535
     0.435     0.335     0.235     0.135     0.035
    144
     1.904     1.704     1.504     1.304     1.104     0.954     0.854     0.754     0.654     0.554
     0.454     0.354     0.254     0.154     0.054
    145
     1.910     1.710     1.510     1.310     1.110     0.960     0.860     0.760     0.660     0.559
     0.459     0.359     0.259     0.159     0.059
    146
    11.249    11.049    10.848    10.648    10.448    10.298    10.198    10.098     9.998     9.898
     9.798     9.698     9.598     9.498     9.398
    147
     1.902     1.702     1.502     1.302     1.102     0.952     0.852     0.752     0.652     0.552
     0.452     0.352     0.252     0.152     0.052
    148
     1.907     1.707     1.507     1.307     1.107     0.956     0.856     0.756     0.656     0.556
     0.456     0.356     0.256     0.156     0.056
    149
     1.905     1.705     1.505     1.305     1.105     0.955     0.855     0.755     0.655     0.554
     0.454     0.354     0.254     0.154     0.054
    150
     1.904     1.704     1.504     1.304     1.104     0.954     0.854     0.753     0.653     0.553
     0.453     0.353     0.253     0.153     0.053
    151
     1.928     1.728     1.528     1.328     1.128     0.978     0.878     0.778     0.678     0.578
     0.478     0.378     0.278     0.178     0.078
    152
     1.912     1.712     1.512     1.312     1.112     0.962     0.862     0.762     0.662     0.562
     0.462     0.362     0.262     0.162     0.062
    153
     1.905     1.705     1.505     1.305     1.105     0.955     0.855     0.755     0.655     0.555
     0.455     0.355     0.255     0.155     0.055
    154
     1.869     1.669     1.469     1.269     1.069     0.919     0.819     0.719     0.619     0.520
     0.420     0.320     0.220     0.120     0.020
    155
     1.037     0.837     0.637     0.438     0.238     0.088    -0.012    -0.112    -0.212    -0.312
    -0.411    -0.511    -0.611    -0.711    -0.811
    156
     0.691     0.491     0.291     0.091    -0.109    -0.258    -0.358    -0.458    -0.558    -0.658
    -0.758    -0.858    -0.958    -1.058    -1.158
    157
     1.902     1.702     1.502     1.302     1.102     0.952     0.852     0.752     0.652     0.552
     0.452     0.352     0.252     0.152     0.052
    158
     1.901     1.701     1.501     1.301     1.101     0.951     0.851     0.751     0.651     0.551
     0.451     0.351     0.251     0.151     0.051
    159
   -89.237   -89.438   -89.641   -89.845   -90.051   -90.998   -91.883   -86.694   -25.796   -18.922
   -62.411   -62.512   -62.612   -62.712   -62.812
    160
     1.906     1.706     1.506     1.306     1.106     0.956     0.856     0.756     0.657     0.557
     0.457     0.357     0.257     0.157     0.057
    161
     1.874     1.674     1.474     1.274     1.074     0.924     0.824     0.724     0.624     0.524
     0.424     0.324     0.224     0.124     0.024
    162
    -0.404    -0.604    -0.804    -1.004    -1.206    -1.359    -1.463    -1.570    -1.683    -1.804
    -1.942    -2.042    -2.142    -2.242    -2.343
    163
    -0.694    -0.894    -1.094    -1.296    -1.500    -1.660    -1.772    -1.894    -2.031    -2.197
    -2.429    -2.529    -2.629    -2.729    -2.829
    164
    10.532    10.332    10.132     9.932     9.732     9.582     9.482     9.382     9.281     9.181
     9.081     8.981     8.881     8.781     8.681
    165
    13.262    13.062    12.862    12.662    12.462    12.312    12.212    12.112    12.012    11.912
    11.812    11.712    11.612    11.512    11.411
    166
     1.902     1.702     1.502     1.302     1.102     0.952     0.852     0.752     0.652     0.552
     0.452     0.352     0.252     0.152     0.052
    167
     1.901     1.701     1.501     1.301     1.101     0.951     0.851     0.751     0.651     0.551
     0.451     0.351     0.251     0.152     0.052
    168
     1.810     1.610     1.410     1.210     1.010     0.860     0.760     0.660     0.560     0.461
     0.361     0.261     0.161     0.061    -0.039
    169
     0.781     0.581     0.381     0.181    -0.019    -0.169    -0.269    -0.368    -0.468    -0.568
    -0.668    -0.768    -0.868    -0.968    -1.068
    170
     1.856     1.656     1.456     1.256     1.056     0.906     0.806     0.706     0.606     0.506
     0.406     0.306     0.206     0.106     0.006
    171
     1.883     1.683     1.483     1.283     1.083     0.933     0.833     0.733     0.633     0.533
     0.433     0.333     0.233     0.133     0.033
    172
     1.833     1.633     1.433     1.233     1.033     0.883     0.783     0.683     0.583     0.483
     0.383     0.283     0.183     0.083    -0.017
    173
     1.902     1.702     1.502     1.302     1.102     0.952     0.852     0.752     0.652     0.552
     0.452     0.352     0.252     0.152     0.052
    174
  -114.200  -114.367  -114.520  -114.670  -114.841  -115.972  -117.015  -118.011   -59.991   -19.063
   -69.204   -69.305   -69.405   -69.505   -69.605
    175
     1.901     1.701     1.501     1.301     1.101     0.951     0.851     0.751     0.651     0.551
     0.451     0.351     0.251     0.151     0.051
    176
     1.555     1.355     1.155     0.955     0.755     0.605     0.505     0.405     0.305     0.205
     0.105     0.005    -0.095    -0.195    -0.295
    177
  -124.923  -130.715  -134.141   -94.855   -13.713   -11.279   -10.983   -11.069   -11.742   -12.834
   -37.630   -37.730   -37.830   -37.930   -38.030
    178
    -1.321    -1.522    -1.726    -1.937    -2.164    -2.358    -2.513    -2.705    -2.972    -3.451
    -5.091    -5.191    -5.291    -5.391    -5.491
    179
    20.792    20.592    20.392    20.192    19.992    19.842    19.741    19.641    19.541    19.441
    19.341    19.241    19.141    19.041    18.941
    180
     1.894     1.694     1.494     1.294     1.094     0.944     0.844     0.744     0.644     0.544
     0.444     0.344     0.244     0.144     0.044
    181
  -109.607  -109.807  -110.007  -110.208  -110.408  -110.986  -111.505  -112.016  -113.306  -110.851
   -97.960   -98.061   -98.161   -98.261   -98.361
    182
     1.908     1.708     1.508     1.308     1.108     0.958     0.858     0.758     0.658     0.558
     0.458     0.358     0.258     0.158     0.058
    183
     1.800     1.600     1.400     1.200     1.000     0.850     0.750     0.650     0.550     0.450
     0.350     0.250     0.150     0.050    -0.050
    184
     0.992     0.792     0.592     0.392     0.192     0.043    -0.057    -0.157    -0.257    -0.357
    -0.457    -0.557    -0.657    -0.757    -0.857
    185
     1.810     1.610     1.410     1.210     1.010     0.860     0.760     0.660     0.560     0.460
     0.360     0.260     0.160     0.060    -0.040
    186
     0.524     0.324     0.124    -0.076    -0.276    -0.425    -0.525    -0.625    -0.725    -0.825
    -0.926    -1.026    -1.126    -1.226    -1.326
    187
     1.427     1.227     1.027     0.827     0.627     0.477     0.377     0.277     0.177     0.077
    -0.023    -0.123    -0.223    -0.323    -0.423
    188
     0.980     0.780     0.580     0.380     0.181     0.031    -0.069    -0.169    -0.269    -0.369
    -0.469    -0.569    -0.669    -0.769    -0.869
    189
     1.910     1.710     1.510     1.310     1.110     0.960     0.859     0.759     0.659     0.559
     0.459     0.359     0.259     0.159     0.059
    190
    -4.146    -4.390    -4.700    -5.112    -5.666    -6.224    -6.735    -7.350    -8.097    -8.597
   -12.802   -12.902   -13.002   -13.102   -13.202
    191
     1.901     1.701     1.501     1.301     1.101     0.951     0.851     0.751     0.651     0.551
     0.451     0.351     0.251     0.151     0.051
    192
     0.406     0.206     0.006    -0.194    -0.393    -0.543    -0.643    -0.743    -0.843    -0.943
    -1.044    -1.144    -1.244    -1.344    -1.444
    193
    -1.044    -1.245    -1.447    -1.652    -1.867    -2.044    -2.179    -2.337    -2.544    -2.870
    -3.705    -3.805    -3.905    -4.005    -4.105
    194
   -93.248  -105.279  -112.114  -115.216   -96.912   -16.808   -14.757   -14.522   -15.046   -15.589
   -29.980   -30.080   -30.180   -30.280   -30.380
    195
    40.761    40.561    40.361    40.161    39.961    39.811    39.711    39.611    39.511    39.411
    39.311    39.211    39.111    39.011    38.911
    196
     2.172     1.972     1.772     1.572     1.372     1.222     1.121     1.021     0.921     0.821
     0.721     0.621     0.521     0.421     0.321
    197
     1.906     1.706     1.506     1.306     1.106     0.956     0.856     0.756     0.656     0.556
     0.456     0.356     0.256     0.156     0.056
    198
     1.903     1.703     1.503     1.303     1.103     0.953     0.853     0.753     0.653     0.553
     0.453     0.353     0.253     0.153     0.053
    199
  -128.977  -129.283  -129.465  -129.433  -129.053  -129.058  -129.239  -129.456  -130.731  -110.822
  -107.225  -107.325  -107.425  -107.525  -107.625
    200
    -2.018    -2.227    -2.453    -2.715    -3.037    -3.353    -3.642    -4.027    -4.596    -5.567
    -8.633    -8.733    -8.833    -8.933    -9.033
    201
     1.655     1.455     1.255     1.055     0.855     0.705     0.605     0.505     0.405     0.305
     0.205     0.105     0.005    -0.095    -0.195
    202
     1.906     1.706     1.506     1.306     1.106     0.956     0.857     0.757     0.657     0.557
     0.457     0.357     0.257     0.157     0.057
    203
     1.833     1.633     1.433     1.233     1.033     0.883     0.783     0.683     0.583     0.483
     0.383     0.283     0.183     0.083    -0.017
    204
   -81.976   -83.683   -85.541   -87.477   -89.593   -92.187   -94.207   -96.186   -86.540   -23.342
   -67.857   -67.957   -68.057   -68.157   -68.257
    205
     1.908     1.708     1.508     1.308     1.108     0.958     0.858     0.758     0.658     0.558
     0.458     0.358     0.258     0.158     0.058
    206
    -0.729    -0.929    -1.129    -1.331    -1.537    -1.698    -1.813    -1.938    -2.081    -2.259
    -2.520    -2.620    -2.720    -2.820    -2.920
    207
     1.902     1.702     1.502     1.301     1.101     0.951     0.851     0.751     0.651     0.551
     0.451     0.351     0.251     0.151     0.051
    208
    -1.383    -1.584    -1.789    -2.001    -2.231    -2.432    -2.594    -2.801    -3.113    -3.794
    -7.263    -7.363    -7.463    -7.563    -7.663
    209
  -177.620  -192.756  -200.959  -204.436  -205.584  -207.223  -208.697  -210.144  -149.749   -21.990
   -79.664   -79.765   -79.865   -79.965   -80.065
    210
     1.901     1.701     1.501     1.301     1.101     0.951     0.852     0.752     0.652     0.552
     0.452     0.352     0.252     0.151     0.051
    211
    46.401    46.201    46.001    45.801    45.601    45.451    45.351    45.251    45.151    45.051
    44.951    44.851    44.751    44.651    44.551
    212
     1.905     1.705     1.505     1.305     1.105     0.955     0.855     0.755     0.655     0.555
     0.455     0.355     0.255     0.155     0.055
    213
     1.902     1.702     1.502     1.302     1.102     0.951     0.851     0.751     0.651     0.551
     0.451     0.351     0.251     0.151     0.051
    214
     1.901     1.701     1.501     1.301     1.101     0.951     0.851     0.751     0.651     0.551
     0.451     0.351     0.251     0.151     0.051
    215
     1.904     1.704     1.504     1.304     1.104     0.954     0.854     0.754     0.654     0.554
     0.454     0.354     0.254     0.153     0.053
    216
    -0.501    -0.701    -0.901    -1.102    -1.305    -1.461    -1.570    -1.685    -1.811    -1.959
    -2.151    -2.251    -2.351    -2.451    -2.551
    217
  -125.136  -139.546  -150.695  -159.267  -165.285  -168.599  -170.295  -171.564  -173.079   -46.270
   -97.587   -97.687   -97.787   -97.887   -97.988
    218
     1.912     1.712     1.512     1.312     1.112     0.962     0.862     0.762     0.662     0.561
     0.461     0.361     0.261     0.161     0.061
    219
     1.906     1.706     1.506     1.306     1.107     0.957     0.857     0.757     0.657     0.557
     0.457     0.357     0.257     0.157     0.057
    220
    -1.577    -1.780    -1.987    -2.207    -2.452    -2.670    -2.852    -3.087    -3.446    -4.209
    -8.060    -8.160    -8.260    -8.360    -8.460
    221
     1.902     1.702     1.502     1.302     1.102     0.952     0.852     0.752     0.652     0.552
     0.452     0.352     0.252     0.152     0.052
    222
     1.913     1.713     1.513     1.313     1.112     0.962     0.862     0.762     0.662     0.562
     0.462     0.362     0.262     0.162     0.062
    223
     1.902     1.702     1.502     1.302     1.102     0.952     0.852     0.753     0.653     0.553
     0.453     0.353     0.253     0.153     0.053
    224
     0.461     0.261     0.061    -0.139    -0.338    -0.488    -0.588    -0.688    -0.788    -0.888
    -0.989    -1.089    -1.189    -1.289    -1.389
    225
     0.360     0.160    -0.040    -0.240    -0.440    -0.590    -0.690    -0.790    -0.890    -0.990
    -1.090    -1.190    -1.290    -1.390    -1.490
    226
  -167.351  -165.082  -158.812   -15.978   -12.912   -12.911   -13.240   -13.720   -14.976   -16.023
   -19.579   -19.679   -19.779   -19.879   -19.979
    227
   -39.738   -12.275   -10.465   -10.072   -10.076   -10.514   -10.946   -11.306   -11.014    -9.829
   -12.385   -12.485   -12.585   -12.685   -12.785
    228
    28.710    28.510    28.310    28.110    27.910    27.760    27.660    27.560    27.460    27.360
    27.260    27.160    27.060    26.960    26.860
    229
    38.020    37.820    37.620    37.420    37.220    37.070    36.970    36.870    36.770    36.670
    36.570    36.470    36.370    36.270    36.170
    230
     1.901     1.701     1.501     1.301     1.101     0.951     0.851     0.751     0.651     0.551
     0.451     0.351     0.251     0.151     0.051
    231
     0.209     0.009    -0.191    -0.391    -0.591    -0.741    -0.841    -0.942    -1.042    -1.143
    -1.246    -1.346    -1.446    -1.546    -1.646
    232
     1.869     1.669     1.469     1.269     1.069     0.919     0.819     0.719     0.619     0.519
     0.419     0.319     0.219     0.119     0.019
    233
     1.859     1.659     1.459     1.259     1.059     0.909     0.809     0.709     0.609     0.509
     0.409     0.309     0.209     0.109     0.009
    234
     1.900     1.700     1.500     1.300     1.100     0.950     0.850     0.750     0.650     0.550
     0.450     0.350     0.250     0.150     0.050
    235
    -1.109    -1.309    -1.511    -1.718    -1.936    -2.119    -2.261    -2.432    -2.665    -3.084
    -4.480    -4.580    -4.680    -4.780    -4.880
    236
    -3.472    -3.724    -4.019    -4.365    -4.866    -5.547    -6.311    -7.301    -8.188    -8.290
    -9.856    -9.956   -10.056   -10.156   -10.256
    237
     1.910     1.710     1.510     1.309     1.109     0.959     0.859     0.759     0.659     0.559
     0.459     0.359     0.259     0.159     0.059
    238
     1.901     1.701     1.501     1.301     1.101     0.951     0.851     0.751     0.651     0.552
     0.452     0.352     0.252     0.152     0.052
    239
     1.636     1.436     1.236     1.036     0.836     0.686     0.586     0.486     0.386     0.286
     0.186     0.086    -0.014    -0.114    -0.214
    240
   -84.783   -81.909   -79.391   -77.821   -74.237   -50.011   -19.171   -16.600   -15.819   -15.597
   -38.960   -39.060   -39.160   -39.260   -39.360
    241
     0.261     0.061    -0.139    -0.339    -0.539    -0.689    -0.789    -0.889    -0.989    -1.090
    -1.191    -1.291    -1.391    -1.491    -1.591
    242
     1.902     1.702     1.502     1.302     1.102     0.952     0.852     0.752     0.652     0.552
     0.452     0.352     0.252     0.152     0.052
    243
     0.318     0.118    -0.082    -0.282    -0.482    -0.631    -0.731    -0.831    -0.932    -1.032
    -1.132    -1.232    -1.333    -1.433    -1.533
    244
     1.005     0.805     0.605     0.405     0.205     0.055    -0.045    -0.145    -0.245    -0.345
    -0.445    -0.545    -0.645    -0.745    -0.845
    245
     0.707     0.507     0.307     0.107    -0.093    -0.243    -0.342    -0.442    -0.542    -0.642
    -0.742    -0.842    -0.942    -1.042    -1.142
    246
     5.532     5.332     5.132     4.932     4.732     4.582     4.482     4.382     4.282     4.182
     4.082     3.982     3.882     3.782     3.682
    247
    19.472    19.273    19.073    18.874    18.675    18.525    18.426    18.327    18.227    18.128
    18.029    17.929    17.829    17.729    17.629
    248
     1.902     1.702     1.502     1.302     1.102     0.952     0.852     0.752     0.652     0.552
     0.452     0.352     0.252     0.152     0.052
    249
   -22.006    -7.594    -8.461   -10.120   -11.252   -12.116   -12.761   -13.449   -14.534   -12.769
   -14.521   -14.621   -14.721   -14.821   -14.921
    250
    -0.733    -0.933    -1.133    -1.335    -1.542    -1.706    -1.823    -1.954    -2.107    -2.309
    -2.647    -2.747    -2.847    -2.947    -3.047
    251
  -207.541  -209.821  -212.294  -214.220  -215.107  -216.180  -216.841  -217.175  -219.852  -168.339
  -155.529  -155.630  -155.730  -155.831  -155.931
    252
  -178.285  -181.129  -181.132  -178.507  -174.089  -172.309  -151.376   -30.627   -17.778   -17.292
   -88.598   -88.698   -88.798   -88.899   -88.999
    253
    -1.073    -1.273    -1.475    -1.681    -1.897    -2.077    -2.214    -2.376    -2.589    -2.930
    -3.833    -3.933    -4.033    -4.133    -4.233
    254
     0.186    -0.014    -0.214    -0.414    -0.614    -0.764    -0.864    -0.964    -1.064    -1.165
    -1.267    -1.367    -1.467    -1.567    -1.667
    255
  -108.110  -118.703  -130.966  -144.782  -160.137  -173.189  -181.930  -190.102  -162.853   -21.864
   -85.245   -85.346   -85.446   -85.546   -85.646
    256
     1.903     1.703     1.503     1.303     1.103     0.953     0.853     0.753     0.652     0.552
     0.452     0.352     0.252     0.152     0.052
    257
     1.467     1.267     1.067     0.867     0.668     0.518     0.418     0.318     0.218     0.118
     0.018    -0.082    -0.182    -0.282    -0.382
    258
  -104.360  -105.524  -106.647  -107.188   -97.667   -34.831   -22.094   -20.691   -20.686   -21.230
   -96.763   -96.863   -96.963   -97.063   -97.163
    259
     1.808     1.608     1.408     1.208     1.008     0.858     0.758     0.658     0.558     0.458
     0.358     0.258     0.158     0.058    -0.042
    260
     1.583     1.383     1.183     0.983     0.783     0.633     0.533     0.433     0.333     0.233
     0.133     0.033    -0.067    -0.167    -0.267
    261
     1.697     1.497     1.297     1.097     0.897     0.747     0.647     0.547     0.447     0.347
     0.247     0.147     0.047    -0.053    -0.153
    262
     1.892     1.692     1.492     1.292     1.092     0.942     0.842     0.742     0.642     0.542
     0.442     0.342     0.242     0.142     0.042
    263
     1.903     1.703     1.503     1.303     1.103     0.953     0.853     0.753     0.653     0.553
     0.453     0.353     0.253     0.153     0.053
    264
     5.530     5.330     5.130     4.930     4.729     4.579     4.479     4.379     4.279     4.179
     4.079     3.979     3.879     3.779     3.679
    265
     1.757     1.557     1.357     1.157     0.957     0.807     0.707     0.607     0.507     0.407
     0.307     0.207     0.107     0.007    -0.093
    266
     1.391     1.191     0.991     0.791     0.591     0.441     0.341     0.241     0.141     0.041
    -0.059    -0.159    -0.259    -0.359    -0.459
    267
     0.170    -0.030    -0.229    -0.429    -0.629    -0.779    -0.879    -0.980    -1.081    -1.182
    -1.285    -1.385    -1.485    -1.585    -1.685
    268
     1.778     1.578     1.378     1.178     0.978     0.828     0.728     0.628     0.528     0.428
     0.328     0.228     0.128     0.028    -0.072
    269
     1.900     1.700     1.500     1.300     1.100     0.950     0.850     0.750     0.650     0.550
     0.450     0.350     0.250     0.150     0.050
    270
    12.803    12.603    12.403    12.203    12.003    11.853    11.753    11.653    11.552    11.452
    11.352    11.252    11.152    11.052    10.952
    271
     1.905     1.705     1.505     1.305     1.105     0.955     0.855     0.755     0.655     0.555
     0.455     0.355     0.255     0.155     0.055
    272
     2.134     1.934     1.734     1.534     1.334     1.184     1.084     0.983     0.883     0.783
     0.683     0.583     0.483     0.383     0.283
    273
    -1.009    -1.209    -1.411    -1.616    -1.830    -2.007    -2.140    -2.297    -2.502    -2.831
    -3.669    -3.769    -3.869    -3.969    -4.069
    274
     1.361     1.161     0.961     0.761     0.561     0.411     0.311     0.211     0.111     0.011
    -0.089    -0.189    -0.289    -0.389    -0.489
    275
     1.902     1.702     1.502     1.302     1.102     0.952     0.852     0.751     0.651     0.551
     0.451     0.351     0.251     0.151     0.051
    276
    12.804    12.604    12.404    12.204    12.004    11.854    11.754    11.654    11.554    11.454
    11.354    11.254    11.154    11.054    10.954
    277
    12.803    12.603    12.403    12.203    12.003    11.853    11.753    11.653    11.553    11.453
    11.353    11.253    11.153    11.053    10.953
    278
     1.797     1.597     1.397     1.197     0.997     0.847     0.747     0.647     0.547     0.447
     0.347     0.247     0.147     0.047    -0.053
    279
     1.292     1.092     0.892     0.692     0.492     0.342     0.242     0.142     0.042    -0.057
    -0.157    -0.257    -0.357    -0.457    -0.557
    280
     1.902     1.702     1.502     1.302     1.102     0.951     0.851     0.751     0.651     0.551
     0.451     0.351     0.251     0.151     0.051
    281
     1.903     1.703     1.503     1.303     1.103     0.953     0.853     0.753     0.653     0.553
     0.453     0.353     0.253     0.153     0.053
    282
    -1.268    -1.469    -1.672    -1.884    -2.113    -2.313    -2.476    -2.689    -3.020    -3.787
    -8.641    -8.741    -8.841    -8.941    -9.041
    283
     1.434     1.234     1.034     0.834     0.634     0.484     0.384     0.284     0.184     0.084
    -0.016    -0.116    -0.216    -0.316    -0.416
    284
     1.891     1.691     1.491     1.291     1.091     0.941     0.841     0.741     0.641     0.541
     0.441     0.341     0.241     0.141     0.041
    285
     1.772     1.572     1.372     1.172     0.972     0.822     0.722     0.622     0.522     0.422
     0.322     0.222     0.122     0.022    -0.078
    286
     1.906     1.706     1.506     1.306     1.106     0.956     0.856     0.756     0.655     0.555
     0.455     0.355     0.255     0.155     0.055
    287
     1.900     1.700     1.500     1.300     1.100     0.950     0.850     0.750     0.650     0.550
     0.450     0.350     0.250     0.150     0.050
    288
     0.230     0.030    -0.170    -0.370    -0.570    -0.720    -0.820    -0.920    -1.020    -1.121
    -1.222    -1.322    -1.422    -1.522    -1.622
    289
     1.167     0.967     0.767     0.568     0.368     0.218     0.118     0.018    -0.082    -0.182
    -0.282    -0.382    -0.482    -0.582    -0.682
    290
     1.839     1.639     1.439     1.239     1.039     0.889     0.789     0.689     0.589     0.489
     0.389     0.289     0.189     0.089    -0.011
    291
     1.908     1.708     1.508     1.308     1.108     0.958     0.858     0.758     0.658     0.558
     0.458     0.358     0.258     0.158     0.058
    292
    12.227    12.027    11.827    11.627    11.427    11.277    11.177    11.077    10.977    10.877
    10.776    10.676    10.576    10.476    10.376
    293
     1.902     1.702     1.502     1.302     1.102     0.952     0.852     0.752     0.652     0.552
     0.452     0.352     0.252     0.152     0.052
    294
     1.350     1.151     0.951     0.751     0.551     0.401     0.301     0.201     0.101     0.001
    -0.099    -0.199    -0.299    -0.399    -0.499
    295
     1.903     1.703     1.503     1.303     1.103     0.953     0.853     0.753     0.653     0.553
     0.453     0.353     0.253     0.153     0.053
    296
     1.791     1.591     1.391     1.191     0.991     0.841     0.741     0.641     0.541     0.441
     0.341     0.241     0.141     0.041    -0.059
    297
     1.213     1.013     0.813     0.613     0.413     0.263     0.163     0.063    -0.037    -0.137
    -0.237    -0.337    -0.437    -0.537    -0.637
