 Output at end of simulation for use as initial conditions in vsi file
 This output is by element number
 
 phreatic surface level 
   214.750   334.800   270.806   187.752   155.010   238.000   339.750   304.537   305.250   182.001
   151.023   160.005   202.754   270.921   162.504   151.505   148.138   247.250   354.500    89.504
   162.613   173.750   148.023   167.503   243.000   347.000   226.291   185.977   104.261   118.453
   157.289   147.005   150.502   232.500   297.500   352.000   255.750   193.500   105.272   200.500
   139.508   163.000   122.756   163.616   196.501   273.750   274.750   245.500   220.500   107.268
   105.390   130.255   219.769   138.614   138.538   138.450   161.250   119.506   148.772   172.644
   190.500   149.751   125.751   107.372   113.003   224.750   252.368   169.500   138.362   138.270
   139.373   119.253   118.095   110.473   110.385   110.269   109.256   144.046   268.500   348.250
   191.536   167.643   143.502   138.171   151.984   159.500   114.258   111.499   111.406   111.296
   111.413   118.562   172.001   233.750   249.250   193.950   162.750   155.245   138.028   147.773
   146.744   141.000   111.591   133.172   159.750   150.258   159.004   175.011   172.257   173.757
   198.973   192.295   147.757   142.258   134.187   134.013   116.370   116.261   113.011   160.783
   191.000   175.759   166.264   166.374   166.496   198.476   171.635   147.368   138.543   118.416
   118.276   117.260   163.515   269.000   191.650   191.514   228.759   222.250   206.753   221.088
   171.339   147.006   148.123   171.500   157.000   139.000   134.000   273.250   283.500   191.747
   255.174   370.750   348.250   337.500   154.604   164.246   165.000   146.925   194.500   145.752
   131.918   151.506   175.563   222.250   213.754   370.250   405.001   421.031   167.001   153.009
   147.919   147.281   147.380   150.751   183.500   155.684   154.876   168.761   237.420   408.250
   405.117   247.670   211.001   169.506   187.500   159.253   169.251   180.178   152.360   209.000
   180.225   173.510   225.000   326.750   470.750   242.503   221.754   214.001   193.457   182.002
   248.000   234.896   199.501   217.500   202.144   185.508   220.002   277.252   434.250   332.046
   311.980   278.751   281.500   206.254   228.564   268.686   259.710   239.124   200.119   248.750
   217.252   217.367   360.727   332.411   300.750   217.007   259.750   305.250   310.105   289.500
   233.004   289.750   452.500   393.422   312.335   217.131   217.259   271.756   356.500   329.250
   256.754   319.500   535.000   373.000   264.003   278.967   271.887   379.750   347.500   264.006
   357.500   504.250   428.250   331.002   387.250   368.487   363.002   347.460   307.751   445.278
   401.730   373.753   386.266   382.752   391.567   382.920   372.819   431.483   401.004   379.258
   375.011   382.757   405.701   423.336   422.755   392.751   452.000   402.252   468.250   409.753
   476.500   463.317   501.000   467.250
 
 Heads at end of simulation
     73
    -0.156    -0.256    -0.356    -0.456    -0.556    -0.656    -0.756    -0.856    -0.956    -1.056
     74
    -0.000    -0.100    -0.200    -0.300    -0.400    -0.500    -0.600    -0.700    -0.800    -0.900
     75
     0.756     0.656     0.556     0.456     0.356     0.256     0.156     0.056    -0.044    -0.144
     76
     0.952     0.852     0.752     0.652     0.552     0.452     0.352     0.252     0.152     0.052
     77
     0.960     0.860     0.760     0.660     0.560     0.460     0.360     0.260     0.160     0.060
     78
    -4.568    -4.668    -4.768    -4.868    -4.968    -5.068    -5.168    -5.268    -5.368    -5.468
     79
    -8.349    -8.449    -8.549    -8.649    -8.749    -8.849    -8.949    -9.049    -9.149    -9.249
     80
     0.737     0.637     0.537     0.437     0.337     0.237     0.137     0.037    -0.063    -0.163
     81
    -4.979    -5.079    -5.179    -5.279    -5.379    -5.479    -5.579    -5.679    -5.779    -5.879
     82
     0.951     0.851     0.751     0.651     0.551     0.451     0.351     0.251     0.151     0.051
     83
     0.973     0.873     0.773     0.673     0.573     0.473     0.373     0.273     0.173     0.073
     84
     0.955     0.855     0.755     0.655     0.555     0.455     0.355     0.255     0.155     0.055
     85
     0.954     0.854     0.754     0.654     0.554     0.454     0.354     0.254     0.154     0.054
     86
     0.871     0.771     0.671     0.571     0.471     0.371     0.271     0.171     0.071    -0.029
     87
     0.954     0.854     0.754     0.654     0.554     0.454     0.354     0.254     0.154     0.054
     88
     0.955     0.855     0.755     0.655     0.555     0.455     0.355     0.255     0.155     0.055
     89
     0.988     0.888     0.788     0.688     0.588     0.488     0.388     0.288     0.188     0.088
     90
   -16.004   -16.104   -16.204   -16.304   -16.404   -16.504   -16.604   -16.704   -16.804   -16.904
     91
   -12.772   -12.872   -12.972   -13.072   -13.173   -13.273   -13.373   -13.473   -13.573   -13.673
     92
     0.954     0.854     0.754     0.654     0.554     0.454     0.354     0.254     0.154     0.054
     93
     0.963     0.863     0.763     0.663     0.563     0.463     0.363     0.263     0.163     0.063
     94
    -0.495    -0.595    -0.695    -0.795    -0.895    -0.995    -1.095    -1.195    -1.295    -1.395
     95
     0.973     0.873     0.773     0.673     0.573     0.473     0.373     0.273     0.173     0.073
     96
     0.953     0.853     0.753     0.653     0.553     0.453     0.353     0.253     0.153     0.053
     97
     0.950     0.850     0.750     0.650     0.550     0.450     0.350     0.250     0.150     0.050
     98
    -2.524    -2.624    -2.724    -2.824    -2.924    -3.024    -3.124    -3.224    -3.324    -3.424
     99
     0.741     0.641     0.541     0.441     0.341     0.241     0.141     0.041    -0.059    -0.159
    100
     0.677     0.577     0.477     0.377     0.277     0.177     0.077    -0.023    -0.123    -0.223
    101
     0.961     0.861     0.761     0.661     0.561     0.461     0.361     0.261     0.161     0.061
    102
     0.653     0.553     0.453     0.353     0.253     0.153     0.053    -0.047    -0.147    -0.247
    103
     0.739     0.639     0.539     0.439     0.339     0.239     0.139     0.039    -0.061    -0.161
    104
     0.955     0.855     0.755     0.655     0.555     0.455     0.355     0.255     0.155     0.055
    105
     0.952     0.852     0.752     0.652     0.552     0.452     0.352     0.252     0.152     0.052
    106
    -0.821    -0.921    -1.021    -1.121    -1.221    -1.321    -1.421    -1.521    -1.621    -1.721
    107
    -0.815    -0.915    -1.015    -1.115    -1.215    -1.315    -1.415    -1.515    -1.615    -1.715
    108
    -0.245    -0.345    -0.445    -0.545    -0.645    -0.745    -0.845    -0.945    -1.045    -1.145
    109
    -0.316    -0.416    -0.516    -0.616    -0.716    -0.816    -0.916    -1.016    -1.116    -1.216
    110
    -1.790    -1.890    -1.990    -2.090    -2.190    -2.290    -2.390    -2.490    -2.590    -2.690
    111
     0.972     0.872     0.772     0.672     0.572     0.472     0.372     0.272     0.172     0.072
    112
   -30.620   -30.720   -30.820   -30.920   -31.020   -31.120   -31.220   -31.320   -31.420   -31.520
    113
     0.958     0.858     0.758     0.658     0.558     0.458     0.358     0.258     0.158     0.058
    114
    -1.089    -1.189    -1.289    -1.389    -1.489    -1.589    -1.689    -1.789    -1.889    -1.989
    115
     0.956     0.856     0.756     0.656     0.556     0.456     0.356     0.256     0.156     0.056
    116
     0.816     0.716     0.616     0.516     0.416     0.316     0.216     0.116     0.016    -0.084
    117
     0.951     0.851     0.751     0.651     0.551     0.451     0.351     0.251     0.151     0.051
    118
    -1.559    -1.659    -1.759    -1.859    -1.959    -2.059    -2.159    -2.259    -2.359    -2.459
    119
    -0.177    -0.277    -0.377    -0.477    -0.577    -0.677    -0.777    -0.877    -0.977    -1.077
    120
    -0.866    -0.966    -1.066    -1.166    -1.266    -1.366    -1.466    -1.566    -1.666    -1.766
    121
    -7.720    -7.820    -7.920    -8.020    -8.120    -8.220    -8.320    -8.420    -8.520    -8.620
    122
     0.968     0.868     0.768     0.668     0.568     0.468     0.368     0.268     0.168     0.068
    123
     0.990     0.890     0.790     0.690     0.590     0.490     0.390     0.290     0.190     0.090
    124
     0.956     0.856     0.756     0.656     0.556     0.456     0.356     0.255     0.155     0.055
    125
     0.469     0.369     0.269     0.169     0.069    -0.031    -0.131    -0.231    -0.331    -0.431
    126
     0.964     0.864     0.764     0.664     0.564     0.464     0.364     0.264     0.164     0.064
    127
     0.988     0.888     0.788     0.688     0.588     0.488     0.388     0.288     0.188     0.088
    128
     1.000     0.900     0.800     0.700     0.600     0.500     0.400     0.300     0.200     0.100
    129
    -1.347    -1.447    -1.547    -1.647    -1.747    -1.847    -1.947    -2.047    -2.147    -2.247
    130
     0.956     0.856     0.756     0.656     0.556     0.456     0.356     0.256     0.156     0.056
    131
     0.722     0.622     0.522     0.422     0.322     0.222     0.122     0.022    -0.078    -0.178
    132
     0.094    -0.006    -0.106    -0.206    -0.306    -0.406    -0.506    -0.606    -0.706    -0.806
    133
    -0.767    -0.867    -0.967    -1.067    -1.167    -1.267    -1.367    -1.467    -1.567    -1.667
    134
     0.951     0.851     0.751     0.651     0.551     0.451     0.351     0.251     0.151     0.051
    135
     0.951     0.851     0.751     0.651     0.551     0.451     0.351     0.251     0.151     0.051
    136
     0.972     0.872     0.772     0.672     0.572     0.472     0.372     0.272     0.172     0.072
    137
     0.953     0.853     0.753     0.653     0.553     0.453     0.353     0.253     0.153     0.053
    138
    -2.291    -2.391    -2.491    -2.591    -2.691    -2.791    -2.891    -2.991    -3.091    -3.191
    139
     0.818     0.718     0.618     0.518     0.418     0.318     0.218     0.118     0.018    -0.082
    140
    -0.218    -0.318    -0.418    -0.518    -0.618    -0.718    -0.818    -0.918    -1.018    -1.118
    141
     1.012     0.912     0.812     0.712     0.612     0.512     0.412     0.312     0.212     0.112
    142
     1.020     0.920     0.820     0.720     0.620     0.520     0.420     0.320     0.220     0.120
    143
     0.573     0.473     0.373     0.273     0.173     0.073    -0.027    -0.127    -0.227    -0.327
    144
     0.953     0.853     0.753     0.653     0.553     0.453     0.353     0.253     0.153     0.053
    145
     0.795     0.695     0.595     0.495     0.395     0.295     0.195     0.095    -0.005    -0.105
    146
     0.973     0.873     0.773     0.673     0.573     0.473     0.373     0.273     0.173     0.073
    147
     0.985     0.885     0.785     0.685     0.585     0.485     0.385     0.285     0.185     0.085
    148
     0.969     0.869     0.769     0.669     0.569     0.469     0.369     0.269     0.169     0.069
    149
     0.956     0.856     0.756     0.656     0.556     0.456     0.356     0.256     0.156     0.056
    150
     0.246     0.146     0.046    -0.054    -0.154    -0.254    -0.354    -0.454    -0.554    -0.654
    151
    -8.488    -8.588    -8.688    -8.788    -8.888    -8.988    -9.088    -9.188    -9.288    -9.388
    152
    -3.662    -3.762    -3.862    -3.962    -4.062    -4.162    -4.262    -4.362    -4.462    -4.562
    153
     0.736     0.636     0.536     0.436     0.336     0.236     0.136     0.036    -0.064    -0.164
    154
     0.843     0.743     0.643     0.543     0.443     0.343     0.243     0.143     0.043    -0.057
    155
     0.952     0.852     0.752     0.652     0.552     0.452     0.352     0.252     0.152     0.052
    156
     1.021     0.921     0.821     0.721     0.621     0.521     0.421     0.321     0.221     0.121
    157
     0.684     0.584     0.484     0.384     0.284     0.184     0.084    -0.016    -0.116    -0.216
    158
    -1.303    -1.403    -1.503    -1.603    -1.703    -1.803    -1.903    -2.003    -2.103    -2.203
    159
     0.958     0.858     0.758     0.658     0.558     0.458     0.358     0.258     0.158     0.058
    160
     0.999     0.899     0.799     0.699     0.599     0.499     0.399     0.299     0.199     0.099
    161
     1.006     0.906     0.806     0.706     0.606     0.506     0.406     0.306     0.206     0.106
    162
     0.996     0.896     0.796     0.696     0.596     0.496     0.396     0.296     0.196     0.096
    163
     1.013     0.913     0.813     0.713     0.613     0.513     0.413     0.313     0.213     0.113
    164
     0.962     0.862     0.762     0.662     0.562     0.462     0.362     0.262     0.162     0.062
    165
     0.951     0.851     0.751     0.651     0.551     0.451     0.351     0.251     0.151     0.051
    166
    -0.856    -0.956    -1.056    -1.156    -1.256    -1.356    -1.456    -1.556    -1.656    -1.756
    167
    -0.730    -0.830    -0.930    -1.030    -1.130    -1.230    -1.330    -1.430    -1.530    -1.630
    168
     0.650     0.550     0.450     0.350     0.250     0.150     0.050    -0.050    -0.150    -0.250
    169
     0.950     0.850     0.750     0.650     0.550     0.450     0.350     0.250     0.150     0.050
    170
     0.695     0.595     0.495     0.395     0.295     0.195     0.095    -0.005    -0.105    -0.205
    171
     0.978     0.878     0.778     0.678     0.578     0.478     0.378     0.278     0.178     0.078
    172
     0.723     0.623     0.523     0.423     0.323     0.223     0.123     0.023    -0.077    -0.177
    173
     0.694     0.594     0.494     0.394     0.294     0.194     0.094    -0.006    -0.106    -0.206
    174
    -0.380    -0.480    -0.580    -0.680    -0.780    -0.880    -0.980    -1.080    -1.180    -1.280
    175
     0.991     0.891     0.791     0.691     0.591     0.491     0.391     0.291     0.191     0.091
    176
     0.872     0.772     0.672     0.572     0.472     0.372     0.272     0.172     0.072    -0.028
    177
    -0.195    -0.295    -0.395    -0.495    -0.595    -0.695    -0.795    -0.895    -0.995    -1.095
    178
     0.958     0.858     0.758     0.658     0.558     0.458     0.358     0.258     0.158     0.058
    179
     0.954     0.854     0.754     0.654     0.554     0.454     0.354     0.254     0.154     0.054
    180
     0.211     0.111     0.011    -0.089    -0.189    -0.289    -0.389    -0.489    -0.589    -0.689
    181
     0.957     0.857     0.757     0.657     0.557     0.457     0.357     0.257     0.157     0.057
    182
     0.957     0.857     0.757     0.657     0.557     0.457     0.357     0.257     0.157     0.057
    183
     0.923     0.823     0.723     0.623     0.523     0.423     0.323     0.223     0.123     0.023
    184
     0.745     0.645     0.545     0.445     0.345     0.245     0.145     0.045    -0.055    -0.155
    185
     0.957     0.857     0.757     0.657     0.557     0.457     0.357     0.257     0.157     0.057
    186
     0.958     0.858     0.758     0.658     0.558     0.458     0.358     0.258     0.158     0.058
    187
     1.037     0.937     0.837     0.737     0.637     0.537     0.437     0.337     0.237     0.137
    188
     0.963     0.863     0.763     0.663     0.563     0.463     0.363     0.263     0.163     0.063
    189
     0.970     0.870     0.770     0.670     0.570     0.470     0.370     0.270     0.170     0.070
    190
     0.961     0.861     0.761     0.661     0.561     0.461     0.361     0.261     0.161     0.061
    191
     0.961     0.861     0.761     0.661     0.561     0.461     0.361     0.261     0.161     0.061
    192
     0.733     0.633     0.533     0.433     0.333     0.233     0.133     0.033    -0.067    -0.167
    193
    -0.121    -0.221    -0.321    -0.421    -0.521    -0.621    -0.721    -0.821    -0.921    -1.021
    194
     0.959     0.859     0.759     0.659     0.559     0.459     0.359     0.259     0.159     0.059
    195
     0.964     0.864     0.764     0.664     0.564     0.464     0.364     0.264     0.164     0.064
    196
     0.974     0.874     0.774     0.674     0.574     0.474     0.374     0.274     0.174     0.074
    197
     0.996     0.896     0.796     0.696     0.596     0.496     0.396     0.296     0.196     0.096
    198
     0.176     0.076    -0.024    -0.124    -0.224    -0.324    -0.424    -0.524    -0.624    -0.724
    199
     0.085    -0.015    -0.115    -0.215    -0.315    -0.415    -0.515    -0.615    -0.715    -0.815
    200
     0.818     0.718     0.618     0.518     0.418     0.318     0.218     0.118     0.018    -0.082
    201
     0.743     0.643     0.543     0.443     0.343     0.243     0.143     0.043    -0.057    -0.157
    202
     1.016     0.916     0.816     0.716     0.616     0.516     0.416     0.316     0.216     0.116
    203
     0.976     0.876     0.776     0.676     0.576     0.476     0.376     0.276     0.176     0.076
    204
     0.960     0.860     0.760     0.660     0.560     0.460     0.360     0.260     0.160     0.060
    205
     0.215     0.115     0.015    -0.085    -0.185    -0.285    -0.385    -0.485    -0.585    -0.685
    206
   -51.838   -51.938   -52.038   -52.138   -52.238   -52.338   -52.438   -52.538   -52.638   -52.738
    207
     1.000     0.900     0.800     0.700     0.600     0.500     0.400     0.300     0.200     0.100
    208
     0.964     0.864     0.764     0.664     0.564     0.464     0.364     0.264     0.164     0.064
    209
     0.209     0.109     0.009    -0.091    -0.191    -0.291    -0.391    -0.491    -0.591    -0.691
    210
     0.950     0.850     0.750     0.650     0.550     0.450     0.350     0.250     0.150     0.050
    211
     0.953     0.853     0.753     0.653     0.553     0.453     0.353     0.253     0.153     0.053
    212
     0.788     0.688     0.588     0.488     0.388     0.288     0.188     0.088    -0.012    -0.112
    213
     0.789     0.689     0.589     0.489     0.389     0.289     0.189     0.089    -0.011    -0.111
    214
     0.956     0.856     0.756     0.656     0.556     0.456     0.356     0.256     0.156     0.056
    215
     0.823     0.723     0.623     0.523     0.423     0.323     0.223     0.123     0.023    -0.077
    216
    -0.281    -0.381    -0.481    -0.581    -0.681    -0.781    -0.881    -0.981    -1.081    -1.181
    217
    -0.509    -0.609    -0.709    -0.809    -0.909    -1.009    -1.109    -1.209    -1.309    -1.409
    218
    -0.153    -0.253    -0.353    -0.453    -0.553    -0.653    -0.753    -0.853    -0.953    -1.053
    219
     0.950     0.850     0.750     0.650     0.550     0.450     0.350     0.250     0.150     0.050
    220
  -104.510  -104.610  -104.710  -104.810  -104.910  -105.010  -105.110  -105.210  -105.310  -105.410
    221
    -2.706    -2.806    -2.906    -3.006    -3.106    -3.206    -3.306    -3.406    -3.506    -3.606
    222
     0.997     0.897     0.797     0.697     0.597     0.497     0.397     0.297     0.197     0.097
    223
     0.874     0.774     0.674     0.574     0.474     0.374     0.274     0.174     0.074    -0.026
    224
    -1.158    -1.258    -1.358    -1.458    -1.558    -1.658    -1.758    -1.858    -1.958    -2.058
    225
    -0.545    -0.645    -0.745    -0.845    -0.945    -1.045    -1.145    -1.245    -1.345    -1.445
    226
    -3.090    -3.190    -3.290    -3.390    -3.490    -3.590    -3.690    -3.790    -3.890    -3.990
    227
     0.954     0.854     0.754     0.654     0.554     0.454     0.354     0.254     0.154     0.054
    228
     0.696     0.596     0.496     0.396     0.296     0.196     0.096    -0.004    -0.104    -0.204
    229
    -0.242    -0.342    -0.442    -0.542    -0.642    -0.742    -0.842    -0.942    -1.042    -1.142
    230
     0.975     0.875     0.775     0.675     0.575     0.475     0.375     0.275     0.175     0.075
    231
    -4.114    -4.214    -4.314    -4.414    -4.514    -4.614    -4.714    -4.814    -4.914    -5.014
    232
     0.952     0.852     0.752     0.652     0.552     0.452     0.352     0.252     0.152     0.052
    233
     0.959     0.859     0.759     0.659     0.559     0.459     0.359     0.259     0.159     0.058
    234
     0.706     0.606     0.506     0.406     0.306     0.206     0.106     0.006    -0.094    -0.194
    235
     0.763     0.663     0.563     0.463     0.363     0.263     0.163     0.063    -0.037    -0.137
    236
    -0.835    -0.935    -1.035    -1.135    -1.235    -1.335    -1.435    -1.535    -1.635    -1.735
    237
     0.954     0.854     0.754     0.654     0.554     0.454     0.354     0.254     0.154     0.054
    238
    -1.985    -2.085    -2.185    -2.285    -2.385    -2.485    -2.585    -2.685    -2.785    -2.885
    239
     0.951     0.851     0.751     0.651     0.551     0.451     0.351     0.251     0.151     0.051
    240
    -0.019    -0.119    -0.219    -0.319    -0.419    -0.519    -0.619    -0.719    -0.819    -0.919
    241
     0.951     0.851     0.751     0.651     0.551     0.451     0.351     0.251     0.151     0.051
    242
     0.959     0.859     0.759     0.659     0.559     0.459     0.359     0.259     0.159     0.059
    243
     0.969     0.869     0.769     0.669     0.569     0.469     0.369     0.269     0.169     0.069
    244
     0.981     0.881     0.781     0.681     0.581     0.481     0.381     0.281     0.181     0.081
    245
     0.980     0.880     0.780     0.680     0.580     0.480     0.380     0.280     0.180     0.080
    246
     0.951     0.851     0.751     0.651     0.551     0.451     0.351     0.251     0.151     0.051
    247
    -1.916    -2.016    -2.116    -2.216    -2.316    -2.416    -2.516    -2.616    -2.716    -2.816
    248
     0.884     0.784     0.684     0.584     0.484     0.384     0.284     0.184     0.084    -0.016
    249
     0.976     0.876     0.776     0.676     0.576     0.476     0.376     0.276     0.176     0.076
    250
     0.961     0.861     0.761     0.661     0.561     0.461     0.361     0.261     0.161     0.061
    251
     0.370     0.270     0.170     0.070    -0.030    -0.130    -0.230    -0.330    -0.430    -0.530
    252
    -3.698    -3.798    -3.898    -3.998    -4.098    -4.198    -4.298    -4.398    -4.498    -4.598
    253
     0.967     0.867     0.767     0.667     0.567     0.467     0.367     0.267     0.167     0.067
    254
     0.620     0.520     0.420     0.320     0.220     0.120     0.020    -0.080    -0.180    -0.280
    255
     0.951     0.851     0.751     0.651     0.551     0.451     0.351     0.251     0.151     0.051
    256
     0.956     0.856     0.756     0.656     0.556     0.456     0.356     0.256     0.156     0.056
    257
    -0.078    -0.178    -0.278    -0.378    -0.478    -0.578    -0.678    -0.778    -0.878    -0.978
    258
     0.953     0.853     0.753     0.653     0.553     0.453     0.353     0.253     0.153     0.053
    259
     0.951     0.851     0.751     0.651     0.551     0.451     0.351     0.251     0.151     0.051
    260
     0.878     0.778     0.678     0.578     0.478     0.378     0.278     0.178     0.078    -0.022
    261
     0.960     0.860     0.760     0.660     0.560     0.460     0.360     0.260     0.160     0.060
    262
    -1.691    -1.791    -1.891    -1.991    -2.091    -2.191    -2.291    -2.391    -2.491    -2.591
    263
     0.675     0.575     0.475     0.375     0.275     0.175     0.075    -0.025    -0.125    -0.225
    264
     0.961     0.861     0.761     0.661     0.560     0.460     0.360     0.260     0.160     0.060
    265
     0.950     0.850     0.750     0.650     0.550     0.450     0.350     0.250     0.150     0.050
    266
    -1.140    -1.240    -1.340    -1.440    -1.540    -1.640    -1.740    -1.840    -1.940    -2.040
    267
    -2.279    -2.379    -2.479    -2.579    -2.679    -2.779    -2.879    -2.979    -3.079    -3.179
    268
     0.953     0.853     0.753     0.653     0.553     0.453     0.353     0.253     0.153     0.053
    269
     0.955     0.855     0.755     0.655     0.555     0.455     0.355     0.255     0.154     0.054
    270
     0.951     0.851     0.751     0.651     0.551     0.451     0.351     0.251     0.151     0.051
    271
     0.907     0.807     0.707     0.607     0.507     0.407     0.307     0.207     0.107     0.007
    272
     0.953     0.853     0.753     0.653     0.553     0.453     0.353     0.253     0.152     0.052
    273
    -2.838    -2.938    -3.038    -3.138    -3.238    -3.338    -3.438    -3.538    -3.638    -3.738
    274
     0.596     0.496     0.396     0.296     0.196     0.096    -0.004    -0.104    -0.204    -0.304
    275
     0.951     0.851     0.751     0.651     0.551     0.451     0.351     0.251     0.151     0.051
    276
    -0.184    -0.284    -0.384    -0.484    -0.584    -0.684    -0.784    -0.884    -0.984    -1.084
    277
     0.844     0.744     0.644     0.544     0.444     0.344     0.244     0.144     0.044    -0.056
    278
     0.958     0.858     0.758     0.658     0.558     0.458     0.358     0.258     0.158     0.058
    279
     0.952     0.852     0.752     0.652     0.552     0.452     0.352     0.252     0.152     0.052
    280
     0.952     0.852     0.752     0.652     0.552     0.452     0.352     0.252     0.152     0.052
    281
    -5.426    -5.526    -5.626    -5.726    -5.826    -5.926    -6.026    -6.126    -6.226    -6.326
    282
     0.746     0.646     0.546     0.446     0.346     0.246     0.146     0.046    -0.054    -0.154
    283
     0.680     0.580     0.480     0.380     0.280     0.180     0.080    -0.020    -0.120    -0.220
    284
     0.951     0.851     0.751     0.651     0.551     0.451     0.351     0.251     0.151     0.051
    285
    -1.426    -1.526    -1.626    -1.726    -1.826    -1.926    -2.026    -2.126    -2.226    -2.326
    286
     0.954     0.854     0.754     0.654     0.554     0.454     0.354     0.254     0.154     0.054
    287
     0.764     0.664     0.564     0.464     0.364     0.264     0.164     0.064    -0.036    -0.136
    288
     0.636     0.536     0.436     0.336     0.236     0.136     0.036    -0.064    -0.164    -0.264
    289
     0.910     0.810     0.710     0.610     0.510     0.410     0.310     0.210     0.110     0.010
    290
     0.574     0.474     0.374     0.274     0.174     0.074    -0.026    -0.126    -0.226    -0.326
    291
     0.969     0.869     0.769     0.669     0.569     0.469     0.369     0.269     0.169     0.069
    292
    -1.086    -1.186    -1.286    -1.386    -1.486    -1.586    -1.686    -1.786    -1.886    -1.986
    293
     0.952     0.852     0.752     0.652     0.552     0.452     0.352     0.252     0.152     0.052
    294
     0.967     0.867     0.767     0.667     0.567     0.467     0.367     0.267     0.167     0.067
    295
     0.677     0.577     0.477     0.377     0.277     0.177     0.077    -0.023    -0.123    -0.223
    296
     0.861     0.761     0.661     0.561     0.461     0.361     0.261     0.161     0.061    -0.039
    297
    -0.077    -0.177    -0.277    -0.377    -0.477    -0.577    -0.677    -0.777    -0.877    -0.977
    298
     0.957     0.857     0.757     0.657     0.557     0.457     0.357     0.257     0.157     0.057
    299
    -0.888    -0.988    -1.088    -1.188    -1.288    -1.388    -1.488    -1.588    -1.688    -1.788
    300
    -0.627    -0.727    -0.827    -0.927    -1.027    -1.127    -1.227    -1.327    -1.427    -1.527
    301
     0.305     0.205     0.105     0.005    -0.095    -0.195    -0.295    -0.395    -0.495    -0.595
    302
    -0.394    -0.494    -0.594    -0.694    -0.794    -0.894    -0.994    -1.094    -1.194    -1.294
    303
     0.954     0.854     0.754     0.654     0.554     0.454     0.354     0.254     0.154     0.054
    304
    -0.120    -0.220    -0.320    -0.420    -0.520    -0.620    -0.720    -0.820    -0.920    -1.020
    305
    -2.615    -2.715    -2.815    -2.915    -3.015    -3.115    -3.215    -3.315    -3.415    -3.515
    306
     0.622     0.522     0.422     0.322     0.222     0.122     0.022    -0.078    -0.178    -0.278
    307
     0.035    -0.065    -0.165    -0.265    -0.365    -0.465    -0.565    -0.665    -0.765    -0.865
    308
     0.981     0.881     0.781     0.681     0.581     0.481     0.381     0.281     0.181     0.081
    309
     1.009     0.909     0.809     0.709     0.609     0.509     0.409     0.309     0.209     0.109
    310
     0.956     0.856     0.756     0.656     0.556     0.456     0.356     0.256     0.156     0.056
    311
    -2.697    -2.797    -2.897    -2.997    -3.097    -3.197    -3.297    -3.397    -3.497    -3.597
    312
    -0.629    -0.729    -0.829    -0.929    -1.029    -1.129    -1.229    -1.329    -1.429    -1.529
    313
     0.954     0.854     0.754     0.654     0.554     0.454     0.354     0.254     0.154     0.054
    314
    -0.302    -0.402    -0.502    -0.602    -0.702    -0.802    -0.902    -1.002    -1.102    -1.202
    315
    -9.660    -9.760    -9.860    -9.960   -10.060   -10.160   -10.260   -10.360   -10.460   -10.560
    316
    -0.706    -0.806    -0.906    -1.006    -1.106    -1.206    -1.306    -1.406    -1.506    -1.606
    317
     0.953     0.853     0.753     0.653     0.553     0.453     0.353     0.253     0.153     0.053
    318
     0.667     0.567     0.467     0.367     0.267     0.167     0.067    -0.033    -0.133    -0.233
    319
     0.987     0.887     0.787     0.687     0.587     0.487     0.387     0.287     0.187     0.087
    320
    -3.630    -3.730    -3.830    -3.931    -4.031    -4.131    -4.231    -4.331    -4.431    -4.531
    321
    -0.694    -0.794    -0.894    -0.994    -1.094    -1.194    -1.294    -1.394    -1.494    -1.594
    322
     0.956     0.856     0.756     0.656     0.556     0.456     0.356     0.256     0.156     0.056
    323
    -2.187    -2.287    -2.387    -2.487    -2.587    -2.687    -2.787    -2.887    -2.987    -3.087
    324
    -0.419    -0.519    -0.619    -0.719    -0.819    -0.919    -1.019    -1.119    -1.219    -1.319
    325
    -0.932    -1.032    -1.132    -1.232    -1.332    -1.432    -1.532    -1.632    -1.732    -1.832
    326
     0.952     0.852     0.752     0.652     0.552     0.452     0.352     0.252     0.152     0.052
    327
    -4.218    -4.318    -4.418    -4.518    -4.618    -4.718    -4.818    -4.918    -5.018    -5.118
    328
     0.687     0.587     0.487     0.387     0.287     0.187     0.087    -0.013    -0.113    -0.213
    329
     0.952     0.852     0.752     0.652     0.552     0.452     0.352     0.252     0.152     0.052
    330
     0.910     0.810     0.710     0.610     0.510     0.410     0.310     0.210     0.110     0.010
    331
     0.951     0.851     0.751     0.651     0.551     0.451     0.351     0.251     0.151     0.051
    332
     0.228     0.128     0.028    -0.072    -0.172    -0.272    -0.372    -0.472    -0.572    -0.672
    333
     0.680     0.580     0.480     0.380     0.280     0.180     0.080    -0.020    -0.120    -0.220
    334
     0.953     0.853     0.753     0.653     0.553     0.453     0.353     0.253     0.153     0.053
    335
     0.716     0.616     0.516     0.416     0.316     0.216     0.116     0.016    -0.084    -0.184
    336
     0.952     0.852     0.752     0.652     0.552     0.452     0.352     0.252     0.152     0.052
    337
     0.767     0.667     0.567     0.467     0.367     0.267     0.167     0.067    -0.033    -0.133
    338
     0.870     0.770     0.670     0.570     0.470     0.370     0.270     0.170     0.070    -0.030
    339
     0.769     0.669     0.569     0.469     0.369     0.269     0.169     0.069    -0.031    -0.131
    340
     0.683     0.583     0.483     0.383     0.283     0.183     0.083    -0.017    -0.117    -0.217
    341
     0.954     0.854     0.754     0.654     0.554     0.454     0.354     0.254     0.154     0.054
    342
     0.958     0.858     0.758     0.658     0.558     0.458     0.358     0.258     0.158     0.058
    343
     0.961     0.861     0.761     0.661     0.561     0.461     0.361     0.261     0.161     0.061
    344
     0.957     0.857     0.757     0.657     0.557     0.457     0.357     0.257     0.157     0.057
    345
     0.901     0.801     0.701     0.601     0.501     0.401     0.301     0.201     0.101     0.001
    346
     0.786     0.686     0.586     0.486     0.386     0.286     0.186     0.086    -0.014    -0.114
    347
     0.705     0.605     0.505     0.405     0.305     0.205     0.105     0.005    -0.095    -0.195
    348
     0.951     0.851     0.751     0.651     0.551     0.451     0.351     0.251     0.151     0.051
    349
    -1.332    -1.432    -1.532    -1.632    -1.732    -1.832    -1.932    -2.032    -2.132    -2.232
    350
     0.952     0.852     0.752     0.652     0.552     0.452     0.352     0.252     0.152     0.052
    351
   -16.121   -16.221   -16.321   -16.421   -16.521   -16.621   -16.721   -16.821   -16.921   -17.021
    352
     0.954     0.854     0.754     0.654     0.554     0.454     0.354     0.253     0.153     0.053
    353
    -3.936    -4.036    -4.136    -4.236    -4.336    -4.436    -4.536    -4.636    -4.736    -4.836
    354
     0.767     0.667     0.567     0.467     0.367     0.267     0.167     0.067    -0.033    -0.133
    355
    -1.321    -1.421    -1.521    -1.621    -1.721    -1.821    -1.921    -2.021    -2.121    -2.221
    356
    -0.096    -0.196    -0.296    -0.396    -0.496    -0.596    -0.696    -0.796    -0.896    -0.996
